# Tensor dimensions: 15 × 20 × 18 × 12
# Format: dim1 dim2 dim3 dim4 value
14 1 1 1 0.08586641001437686
1 3 1 1 -0.08214310097119439
13 3 1 1 0.08351761678984032
4 4 1 1 0.0995152308454719
4 5 1 1 -0.08532669299171282
2 7 1 1 0.10026144872749507
14 7 1 1 -0.08414995346781341
3 10 1 1 -0.08004248133426196
3 12 1 1 -0.11016209079618271
14 14 1 1 -0.10098834463580765
2 18 1 1 -0.10479616963664942
11 18 1 1 -0.08387127053384953
2 20 1 1 -0.09518105402373951
7 20 1 1 -0.09130500837876417
7 1 2 1 -0.09463887053479347
12 2 2 1 0.08961013833320476
3 6 2 1 -0.09514226954526007
5 6 2 1 -0.08860054287534741
13 10 2 1 -0.08575583024474576
4 12 2 1 0.09604041273105629
9 12 2 1 -0.09471114058873033
10 13 2 1 -0.09554394993899643
2 17 2 1 0.09577782659983228
12 18 2 1 -0.08246046624460306
8 19 2 1 -0.08139157255136492
3 20 2 1 0.10700632656920137
1 1 3 1 0.08925773722953505
10 1 3 1 -0.09799156605474062
10 3 3 1 -0.09178856311941543
15 4 3 1 0.10043014305232383
15 5 3 1 0.11467698915506311
8 7 3 1 0.08257706822553063
15 8 3 1 -0.08737486445516571
5 9 3 1 0.08837882608944352
10 9 3 1 -0.09646872289280341
12 11 3 1 0.08681400347416653
6 13 3 1 -0.09120495726423279
9 14 3 1 0.08732748531432863
15 17 3 1 -0.09581075578533318
1 19 3 1 0.09167986085449661
7 19 3 1 0.09718951907474367
3 2 4 1 -0.10872270689500142
4 2 4 1 0.08006206608810307
2 3 4 1 -0.08698319082402005
10 3 4 1 0.09036308813792035
1 5 4 1 -0.1298526770386416
7 5 4 1 0.09717954101649502
9 5 4 1 -0.09250431324261071
1 8 4 1 -0.12530653004259007
12 9 4 1 0.09435994822663413
13 9 4 1 -0.08176838829815429
11 10 4 1 0.1337648043766348
4 12 4 1 0.08520388924578327
8 13 4 1 0.0946650991572853
14 13 4 1 0.08346127335979393
2 18 4 1 -0.08806112160406544
10 19 4 1 0.09114687581072142
10 20 4 1 0.083458141884647
13 1 5 1 -0.08855909522071556
1 2 5 1 -0.08640128747419686
2 5 5 1 0.09331800123597145
5 6 5 1 0.10048615439855561
9 8 5 1 0.09619889665829846
5 9 5 1 -0.08638969061248361
12 11 5 1 -0.09545358896124984
9 12 5 1 -0.1089508526214526
14 19 5 1 0.0909814406548527
10 1 6 1 -0.08767096617341831
13 1 6 1 -0.09132457552863672
10 2 6 1 0.08063171510925889
14 2 6 1 -0.12748025836922594
15 3 6 1 -0.0931539147241402
7 4 6 1 0.09025210357762777
13 7 6 1 -0.09809304986425067
8 8 6 1 -0.098109758434099
11 9 6 1 0.09403381232517088
2 15 6 1 0.08492304020301207
4 16 6 1 -0.08512523211520312
9 17 6 1 -0.08748262586700446
15 18 6 1 0.09800427813526347
12 1 7 1 -0.09075462043909151
15 1 7 1 0.108140022838629
11 2 7 1 -0.08863076276364468
15 4 7 1 -0.08658861729432417
9 12 7 1 0.08095339492013397
6 13 7 1 -0.14056670853460315
13 13 7 1 0.09666093965832542
2 16 7 1 -0.10400862141944443
12 17 7 1 -0.08420851750189182
15 17 7 1 0.08696324296701276
5 5 8 1 0.08689254967471019
10 5 8 1 -0.09605555833862202
3 6 8 1 -0.09598047895276972
12 6 8 1 -0.09659712762395686
7 7 8 1 0.08631321052971858
3 8 8 1 0.1052870514903544
12 8 8 1 -0.08470518081890002
15 8 8 1 0.1175958807229868
5 12 8 1 0.09041861733321788
13 12 8 1 -0.09239899804463532
13 13 8 1 -0.1020166131346127
3 14 8 1 0.10004384481096086
10 15 8 1 0.09329002195249265
11 15 8 1 -0.08313184532668086
2 17 8 1 0.10292768179790936
10 17 8 1 -0.08195041492531088
4 19 8 1 -0.08364604119347796
8 19 8 1 -0.10041008564186348
11 2 9 1 -0.08499318989138108
14 2 9 1 -0.08655144446628908
1 4 9 1 -0.08027872349123225
2 4 9 1 0.08409500857725269
2 14 9 1 0.09391428312207006
8 14 9 1 0.1019502037541814
12 14 9 1 0.09542538852167973
8 15 9 1 -0.09768028840411717
10 15 9 1 0.09217625881808049
10 16 9 1 0.08083595734913064
9 17 9 1 -0.09390922673039424
1 3 10 1 0.08037930851557448
1 4 10 1 -0.11041238140448907
6 4 10 1 -0.08359546556993473
2 5 10 1 -0.1003709378150768
15 6 10 1 0.08577442690728185
4 7 10 1 0.13512852357615227
9 11 10 1 0.08828251113481127
6 14 10 1 -0.0873730162815389
6 15 10 1 -0.08197001411228447
10 17 10 1 -0.08790638295736278
3 19 10 1 0.08776081415799183
2 3 11 1 0.09509150873287885
9 5 11 1 0.11856677970796442
13 7 11 1 0.11778245551855536
14 7 11 1 -0.08944560070301125
2 10 11 1 0.09304251278834845
8 11 11 1 0.10133202790500968
9 17 11 1 -0.08741354049045955
11 17 11 1 0.09847424059629566
12 19 11 1 -0.0983423353715795
14 19 11 1 -0.11010391856299816
14 20 11 1 0.08336423342538928
11 2 12 1 -0.08346800235255857
12 5 12 1 0.10012534789664924
8 6 12 1 0.09649548014228831
5 7 12 1 0.08548277654230275
2 9 12 1 0.08355155691895194
1 10 12 1 0.10798734937052416
6 12 12 1 -0.08565645334349742
6 13 12 1 -0.09231032373036899
8 15 12 1 0.1142476130410493
9 17 12 1 -0.08094660254759031
5 18 12 1 0.0824237524109291
5 19 12 1 0.08811529624243768
14 19 12 1 -0.09815999658979818
7 20 12 1 0.08435994219599396
10 1 13 1 -0.12246117084028083
14 2 13 1 -0.13289135284297512
2 7 13 1 -0.09411558871118987
4 9 13 1 -0.08414026026651875
10 11 13 1 -0.08038456369416917
1 12 13 1 -0.08116710885172582
13 12 13 1 -0.10228747723889177
7 15 13 1 0.10595107946737367
12 16 13 1 -0.08011868568714893
11 19 13 1 -0.08158066898989304
12 20 13 1 -0.11822459074473833
5 4 14 1 -0.09132366157105552
6 6 14 1 0.08324501892343233
10 6 14 1 -0.0832100635756659
10 8 14 1 -0.08707973911176087
7 9 14 1 -0.09556257598182201
11 11 14 1 0.09309606682211603
1 12 14 1 -0.08630698736568902
1 14 14 1 0.08610648177106123
7 14 14 1 0.08643747315883078
10 14 14 1 0.12392473623959153
3 16 14 1 -0.09878333968996134
10 17 14 1 -0.08714966182719076
5 20 14 1 -0.11320350696748088
14 1 15 1 -0.09692299910417923
7 2 15 1 0.08475229148370467
8 2 15 1 0.09041214879627703
12 5 15 1 0.10100562459720876
10 7 15 1 -0.09213243129311431
5 9 15 1 0.0890783737096262
13 9 15 1 0.08081157806953565
14 9 15 1 0.08404271670630416
6 10 15 1 0.08014699605989135
10 15 15 1 0.08174752664788462
10 16 15 1 -0.09882633129088615
2 18 15 1 -0.08197616455064764
3 18 15 1 0.12080357893452345
1 19 15 1 0.08408423630029715
15 2 16 1 0.11089207914970556
13 4 16 1 0.09552619935188317
4 8 16 1 0.08607242354769189
6 9 16 1 0.08024493682620197
12 12 16 1 0.0841145872348825
13 15 16 1 0.08166436846849345
6 16 16 1 -0.08366629539662401
9 18 16 1 0.13550171496279123
2 19 16 1 0.08135293517473395
7 2 17 1 0.08761887356831775
9 4 17 1 -0.08925590340691555
15 5 17 1 -0.10063431937073218
8 7 17 1 0.09576759443517933
6 10 17 1 0.10500567293907088
9 11 17 1 -0.10546443769467502
1 12 17 1 -0.08508203603626796
11 12 17 1 -0.09140813762163569
7 16 17 1 -0.10386893729183622
9 16 17 1 0.09442665631799682
13 16 17 1 -0.08899248044365009
14 17 17 1 -0.08541351801735414
3 2 18 1 -0.08462521399778661
12 2 18 1 -0.1034337254002426
6 5 18 1 -0.0854207294419671
9 5 18 1 0.09307152906589607
14 5 18 1 -0.09702126766980293
15 8 18 1 0.1000717019441287
7 9 18 1 -0.09124999671625202
15 12 18 1 0.08062876165043058
2 18 18 1 -0.08219741343919446
8 19 18 1 0.10660704689224465
7 2 1 2 -0.11171388501015031
13 2 1 2 0.08819577399739745
8 5 1 2 -0.08766188317532002
15 6 1 2 -0.11857086133162652
3 12 1 2 -0.10963451949823402
8 12 1 2 -0.0803429149606176
13 12 1 2 0.09468582614290265
7 13 1 2 -0.09312602253077919
7 15 1 2 -0.10345175863628671
8 3 2 2 0.0892589614700808
6 4 2 2 -0.11282071918786216
3 5 2 2 -0.08059331961089054
1 6 2 2 -0.14721042151786917
1 8 2 2 -0.08045860283930267
3 10 2 2 0.0871285520811158
11 10 2 2 0.08051177092370304
15 11 2 2 -0.10502910244480203
3 13 2 2 0.08619347068784071
4 18 2 2 -0.09859471477147556
10 2 3 2 -0.08982448533043007
2 7 3 2 -0.09072957029029202
12 9 3 2 0.08599687825655655
2 13 3 2 -0.14445813655351955
5 14 3 2 -0.08377174243472688
8 14 3 2 0.11443904093963612
2 20 3 2 -0.08288142441681176
4 1 4 2 -0.08591808796862144
5 1 4 2 0.108998458830057
5 6 4 2 0.09176895937865968
13 7 4 2 -0.09727679552620601
9 8 4 2 0.0817286021178351
14 8 4 2 -0.09190711360526213
11 9 4 2 0.09683923090362995
7 10 4 2 -0.08865704208376377
1 13 4 2 -0.08868028564284172
8 14 4 2 0.08597245239537027
3 15 4 2 -0.11402155807147692
11 15 4 2 -0.08024251962927907
13 17 4 2 0.0945227244249664
15 19 4 2 0.11308196177144517
8 1 5 2 0.12921328393916962
15 1 5 2 0.08295837428269422
8 5 5 2 0.08166876876883868
12 7 5 2 -0.08700902471244885
2 14 5 2 -0.09449411714095493
10 15 5 2 0.10788505611207083
2 16 5 2 0.08740612334046237
14 18 5 2 0.08142248384248264
2 19 5 2 0.10913802195745645
14 19 5 2 -0.11085554238030929
9 1 6 2 -0.10180905253859407
10 1 6 2 -0.08697554217544663
15 1 6 2 -0.11128208887928481
3 2 6 2 0.08061584794592531
5 3 6 2 -0.08381160021503611
7 5 6 2 0.0837366435840795
15 5 6 2 -0.08202207082169222
10 8 6 2 -0.08134378516170016
6 10 6 2 -0.11029401435238147
9 10 6 2 -0.08988826607919635
13 11 6 2 -0.08526041691516512
7 13 6 2 -0.09797043702851896
2 16 6 2 0.10275525810041986
8 19 6 2 -0.08656960609624899
14 19 6 2 -0.10664142173341823
15 20 6 2 -0.08013296069719719
4 4 7 2 0.0921846491107212
12 5 7 2 0.08330694956963695
15 5 7 2 -0.09587360988076064
9 6 7 2 -0.08733065672351369
11 7 7 2 0.09242168621147291
14 11 7 2 0.08212787597591507
15 11 7 2 -0.08027835025922883
14 14 7 2 -0.09966989433363484
12 17 7 2 -0.08530490424145283
6 19 7 2 -0.08669473304325465
3 2 8 2 0.08289047225139368
3 3 8 2 0.08292203828629943
15 4 8 2 -0.09207076376132961
12 8 8 2 -0.10833305760124283
15 9 8 2 0.09248143158682773
5 14 8 2 0.0827546344311187
11 15 8 2 -0.08370478518951349
5 19 8 2 0.08798094673362994
11 19 8 2 -0.1308801221555317
15 20 8 2 0.08235103640367755
1 1 9 2 0.10160565422712849
2 1 9 2 0.09922229133823134
4 2 9 2 -0.0962851979446459
1 4 9 2 -0.08033603715257358
12 7 9 2 -0.08023799188666536
3 8 9 2 -0.10319758609092713
1 12 9 2 0.0956850688660439
11 13 9 2 -0.08101252175037293
9 15 9 2 0.08015754542904768
14 1 10 2 0.08177413099449757
7 8 10 2 0.08485813941607265
12 9 10 2 0.10352651141545059
11 10 10 2 -0.08140712068318436
1 13 10 2 0.1041684528857819
3 13 10 2 0.102718966235437
1 14 10 2 0.11628095897560543
8 3 11 2 0.08852097381634233
12 3 11 2 0.08276410238812615
1 4 11 2 0.09930455388168094
3 4 11 2 0.08124610976127218
6 5 11 2 0.10813553699041256
11 5 11 2 -0.09053492765743094
1 6 11 2 -0.09200684834727187
10 6 11 2 0.10028784850439441
13 6 11 2 -0.09488713599944978
1 18 11 2 -0.09820055262484559
9 18 11 2 -0.10657806294413642
11 18 11 2 0.08667152711449075
12 19 11 2 -0.13364176304732722
13 20 11 2 -0.08131103260192347
3 2 12 2 -0.08366242913399699
14 2 12 2 0.10138436664987012
3 4 12 2 0.09674172364546044
3 5 12 2 0.09344896510697129
15 5 12 2 -0.08050242359385754
5 6 12 2 -0.09534767622985944
8 6 12 2 0.08004367656471524
14 6 12 2 0.10046982453726915
15 6 12 2 0.08883259299584634
6 7 12 2 -0.08213526822560202
10 16 12 2 0.08951275841486908
5 17 12 2 -0.10876050979468185
8 17 12 2 -0.08378677985914604
3 18 12 2 -0.09935565206520562
8 18 12 2 0.11950685327443564
6 5 13 2 -0.09896993555720966
8 5 13 2 0.08136460553342963
4 6 13 2 -0.08068951184918129
7 6 13 2 -0.09935253542190119
13 6 13 2 -0.08525850258823356
2 8 13 2 -0.08037086173206784
7 9 13 2 0.09702444646951947
15 10 13 2 -0.09374576697505198
7 11 13 2 -0.09365965720342852
14 11 13 2 -0.11506032727031225
12 12 13 2 -0.11251612287569197
5 16 13 2 -0.09457309665008189
3 17 13 2 -0.09955320027187428
14 19 13 2 -0.08327327642408158
13 20 13 2 0.08360686456026836
4 1 14 2 0.0978670474150824
13 2 14 2 0.08825396801113711
14 2 14 2 -0.11025188744427054
8 3 14 2 -0.09036339472346805
4 4 14 2 -0.11127599334471022
8 5 14 2 -0.08794100852330784
9 5 14 2 -0.08179369584240093
13 5 14 2 -0.11636417307667203
10 7 14 2 -0.08828405735873174
12 7 14 2 0.09593906064987093
5 10 14 2 0.09251059158158292
6 14 14 2 -0.08299406785207837
10 14 14 2 0.1056915916627489
5 15 14 2 -0.08060146919096292
9 15 14 2 -0.09935664950346262
2 16 14 2 -0.1308613896160006
2 20 14 2 0.10432726126027723
2 1 15 2 0.09795933445236656
8 5 15 2 0.08128876535544673
4 6 15 2 -0.08729930126323843
9 6 15 2 0.08579548410174863
4 7 15 2 -0.13719068240625323
11 8 15 2 0.10642775358658967
6 10 15 2 0.08981805585669052
7 10 15 2 -0.09295594046875878
6 11 15 2 0.08304367822759824
10 11 15 2 -0.08754173320043648
12 15 15 2 0.12319710925091304
1 20 15 2 0.09079348681578486
4 20 15 2 0.1354138698845684
13 1 16 2 -0.08254379954608236
15 3 16 2 -0.09681359600637858
10 4 16 2 -0.10486909351653881
11 5 16 2 0.08799254252792446
8 6 16 2 0.08493540047583192
15 6 16 2 -0.08125412438385841
7 8 16 2 -0.08957622376497437
13 8 16 2 -0.08275952711684088
12 12 16 2 0.08141994498379347
4 15 16 2 -0.08163063887984495
5 16 16 2 0.08908018412313469
7 16 16 2 -0.08733390737864337
11 17 16 2 -0.08199360617517654
2 18 16 2 0.08063438908400683
9 19 16 2 -0.08479214701177312
6 1 17 2 0.08963964877860363
12 4 17 2 0.08289849418960278
1 5 17 2 -0.0818334718286551
7 5 17 2 0.08773227894146554
2 6 17 2 0.08672970003118809
1 7 17 2 -0.10729178050504616
8 7 17 2 0.0806660862142399
6 8 17 2 -0.0911989527549571
10 8 17 2 -0.10164555835678836
13 9 17 2 0.10650984445783995
1 10 17 2 -0.10515379938002378
13 12 17 2 -0.0925607106656113
9 13 17 2 0.09900436737746081
6 18 17 2 0.10349029734777274
13 18 17 2 -0.08147583415604602
5 20 17 2 0.08179957158561046
1 3 18 2 0.08373145019952608
4 3 18 2 0.1048717976007265
8 4 18 2 -0.08455793003803079
9 5 18 2 0.08183122228101498
6 6 18 2 0.09638820448422859
3 7 18 2 0.08465888806858177
10 10 18 2 -0.1165918371849172
8 13 18 2 -0.10728919282117935
15 14 18 2 -0.10359356607764308
4 17 18 2 -0.08324514763652606
5 18 18 2 0.09268075374239473
8 18 18 2 0.08125875412224995
9 18 18 2 -0.09999501632904964
7 1 1 3 0.09155124418957107
2 4 1 3 0.08308779709732199
8 5 1 3 0.08065910019295087
14 5 1 3 -0.09370506424205614
9 6 1 3 -0.10093206639045649
9 9 1 3 0.09880746864665779
10 11 1 3 0.1181217558455619
8 12 1 3 0.08618026390017901
14 17 1 3 -0.09495710442091541
10 18 1 3 -0.09030311651416305
1 19 1 3 -0.09334190350103436
10 19 1 3 -0.09378024830628197
8 1 2 3 0.08044277602028617
4 3 2 3 0.0820299388842847
10 6 2 3 0.09090885915041595
1 7 2 3 0.08993654302299675
14 9 2 3 -0.11558921233710685
8 10 2 3 -0.08779372057617364
1 11 2 3 0.10833858390649398
12 11 2 3 -0.09847112155413684
13 11 2 3 0.08187757112086817
14 11 2 3 -0.08905407488285619
10 12 2 3 0.08231617818123603
11 13 2 3 0.09625230976231744
1 19 2 3 0.08783634815468756
14 19 2 3 -0.09116365764449952
2 1 3 3 -0.08487924622882426
10 1 3 3 -0.08551954150661636
2 5 3 3 0.09644318164064454
11 5 3 3 -0.09893807025847472
15 6 3 3 0.08114256705134304
11 7 3 3 0.13098906776753214
13 9 3 3 -0.11165685215781494
15 10 3 3 -0.09587740700003572
6 12 3 3 -0.0842397534458949
10 13 3 3 0.11958211434635778
15 13 3 3 0.08530743204904845
14 14 3 3 -0.08075810089767783
7 18 3 3 -0.08786164348471658
12 19 3 3 -0.09112659973028597
3 20 3 3 0.08998667367317661
11 1 4 3 -0.10321721977835109
10 3 4 3 0.08380984190070905
13 3 4 3 0.08395469811267198
1 6 4 3 -0.13716298361986673
5 6 4 3 0.08049596782810323
14 6 4 3 0.08029321171175254
12 7 4 3 0.11248683122731827
3 9 4 3 -0.08918317141843259
9 11 4 3 0.11087694268167748
11 11 4 3 0.086495742864658
7 12 4 3 0.0997394517409451
9 12 4 3 0.11269962629442591
4 13 4 3 -0.10048007405580858
3 14 4 3 0.11175753113742559
9 15 4 3 0.10145204544332004
14 16 4 3 -0.08872861968299954
10 18 4 3 -0.0812539187829964
15 18 4 3 0.10303540043802879
5 20 4 3 -0.09282582282836646
7 1 5 3 0.08238331103754322
8 1 5 3 0.08410361380768777
7 3 5 3 -0.08023281338884934
10 3 5 3 -0.10141999524490458
14 3 5 3 -0.09704747751262872
13 4 5 3 0.08249960145102081
3 6 5 3 -0.10836853498760045
4 7 5 3 0.08113130224384846
8 9 5 3 -0.0947290529399674
8 10 5 3 0.0834395180317172
10 12 5 3 0.09748953834180744
14 12 5 3 0.08749595766957986
3 13 5 3 0.08675206279426063
9 16 5 3 0.08116902702897197
1 17 5 3 0.08714106786288628
3 18 5 3 -0.10857682673614867
6 19 5 3 -0.08037142095313024
10 19 5 3 0.09108677235286369
9 20 5 3 -0.08820385839281124
12 5 6 3 -0.09091197870710802
2 7 6 3 -0.09027289642592252
6 8 6 3 -0.09670515246416758
8 8 6 3 0.10675529864100193
3 9 6 3 0.10355609880627649
10 9 6 3 -0.10212008098882135
8 10 6 3 0.08318650191825665
4 14 6 3 0.08374698934181612
8 14 6 3 -0.11651196961333127
14 17 6 3 -0.09172060550513508
6 18 6 3 -0.09279233339146244
3 20 6 3 -0.08074510941714683
8 1 7 3 -0.08203096625598019
12 1 7 3 -0.11407332462972064
7 2 7 3 0.10084517572393552
15 2 7 3 0.08186053354867094
4 3 7 3 0.08543013890696974
6 5 7 3 0.0854254526300206
11 11 7 3 0.0854949565008594
12 11 7 3 -0.08002874222616758
3 13 7 3 0.1558162573165862
9 14 7 3 -0.11868211348858378
11 14 7 3 -0.09389210977061359
15 15 7 3 -0.11712909921431991
2 18 7 3 0.08221111197786796
14 18 7 3 0.10113504584489974
14 20 7 3 0.08720033580951157
11 1 8 3 -0.13008444462190158
5 2 8 3 -0.09045618397343294
12 2 8 3 -0.0806238834911108
12 3 8 3 -0.08849961999741517
9 4 8 3 -0.10316960131516327
13 5 8 3 -0.09121957339120082
15 6 8 3 0.08284082070924798
5 10 8 3 -0.1039460710122096
12 11 8 3 -0.10376003041711128
11 12 8 3 0.08851057006513947
5 13 8 3 0.08725834593491393
2 14 8 3 -0.09702644451350276
3 16 8 3 0.09619006496707826
10 17 8 3 -0.08988755895646781
1 2 9 3 -0.0869598174201203
11 3 9 3 -0.09940400453079759
8 5 9 3 -0.08085674498064874
6 8 9 3 0.1247925829072608
7 8 9 3 0.11826053253957823
11 8 9 3 -0.0987784180267041
1 9 9 3 -0.09412384676066796
8 11 9 3 0.08824620358159933
5 13 9 3 0.09662056959299524
10 13 9 3 -0.08729612149501086
12 13 9 3 0.09187411187292838
8 20 9 3 -0.09092795221021231
5 1 10 3 -0.09010303585147193
4 2 10 3 -0.08261722351689671
6 2 10 3 -0.14512802351290746
12 3 10 3 -0.10108618577653164
4 5 10 3 0.10017567146565289
14 7 10 3 -0.08324867374338143
6 9 10 3 0.09430513683746487
4 12 10 3 0.08945479191100987
11 14 10 3 0.0877430577429909
15 15 10 3 -0.08775722417713308
5 16 10 3 0.0844321821938756
1 1 11 3 -0.11210548398082348
6 1 11 3 -0.0930553433874884
11 1 11 3 -0.08020380171929567
15 1 11 3 0.08306425141247521
8 6 11 3 -0.08420100297316183
10 6 11 3 -0.14953486391432697
14 6 11 3 0.08868977216968223
2 9 11 3 0.0803845262201811
3 9 11 3 -0.11050278976626973
7 9 11 3 0.0893964540885133
6 10 11 3 0.09657420217422745
2 11 11 3 -0.08653458466353361
2 13 11 3 -0.09948573196426609
6 14 11 3 -0.09458165664461456
14 16 11 3 0.10946420263270204
13 17 11 3 -0.09155145748852046
12 20 11 3 -0.08731934334413388
10 1 12 3 0.08160172699696248
5 5 12 3 -0.09952254786851022
14 8 12 3 0.12388466987029297
3 11 12 3 0.10457107292691169
4 11 12 3 -0.08017461822994681
7 14 12 3 0.08588123040697851
4 19 12 3 0.08710168757197063
10 20 12 3 -0.12897877943413605
1 1 13 3 0.11546562216407319
14 1 13 3 -0.10138942001760642
2 2 13 3 0.09788097303213544
12 3 13 3 0.09767931161787506
8 4 13 3 -0.08199934032714046
9 6 13 3 -0.09957258388055613
3 7 13 3 -0.08668616411006991
5 7 13 3 0.08437175279948303
13 7 13 3 -0.1003905432876979
5 8 13 3 -0.08390005657163338
15 8 13 3 -0.08243514186669654
2 9 13 3 0.08068272064856512
7 9 13 3 -0.08679336413808825
12 11 13 3 -0.08705741401807186
14 16 13 3 0.08688683114389292
5 19 13 3 0.08831276126159145
7 19 13 3 -0.08305327143127207
6 1 14 3 -0.10510682494165076
7 1 14 3 0.09552582099246054
10 2 14 3 0.12392908309422125
13 2 14 3 -0.09919531620737085
4 4 14 3 -0.1257226330222693
3 5 14 3 -0.0929546157132768
6 8 14 3 -0.09147420589797338
6 9 14 3 0.13574247327109598
10 10 14 3 -0.08505032257970543
9 11 14 3 -0.09559704705963541
7 14 14 3 -0.09315397091349292
11 14 14 3 0.08324896705680712
6 16 14 3 0.0901229311434848
11 18 14 3 -0.08732387792130696
13 19 14 3 0.11148563100849619
13 2 15 3 0.08072658703819655
6 3 15 3 -0.08322276772517147
11 4 15 3 -0.0953307428990658
2 8 15 3 -0.08036041130194571
5 8 15 3 0.08069141216789351
12 8 15 3 0.08235569908543688
15 14 15 3 0.09950236027593148
11 16 15 3 -0.08825634006150301
15 16 15 3 -0.09649715926818013
15 19 15 3 0.08838561557472373
3 3 16 3 -0.08387283284345802
3 5 16 3 -0.11274261666685005
8 11 16 3 -0.09483408904382329
15 11 16 3 -0.0817949875156561
14 13 16 3 0.08187723252027782
13 18 16 3 0.0854549701943756
15 18 16 3 -0.08725033726781502
12 1 17 3 0.08003815011936936
6 4 17 3 -0.0832154395983604
8 7 17 3 -0.08077591491574895
4 8 17 3 0.09482928950000286
6 8 17 3 -0.11631575019009747
8 10 17 3 -0.10011835838034498
11 10 17 3 -0.10855750841574409
13 11 17 3 -0.14087909007196692
15 12 17 3 0.09251649891317705
6 13 17 3 0.1295582812833304
9 13 17 3 0.08154718650962306
4 15 17 3 0.08813415466550041
5 16 17 3 0.10901064512380364
13 17 17 3 -0.087841519471883
2 20 17 3 0.09703415653238541
6 2 18 3 -0.09059102258737389
5 3 18 3 -0.08026536349476508
1 5 18 3 0.09067225040628175
8 5 18 3 -0.08245243613513921
10 5 18 3 0.08197909908959096
9 10 18 3 -0.08715825273456276
5 15 18 3 -0.1588921866375225
10 16 18 3 0.11268220895967282
9 19 18 3 0.08506813784083446
5 20 18 3 0.08072672471393746
6 20 18 3 0.09526069712865669
12 20 18 3 -0.08430983233645209
4 3 1 4 0.08055616239496075
14 3 1 4 0.08772042171272014
8 5 1 4 -0.08958306902542147
14 5 1 4 0.08673367571269301
2 8 1 4 0.0849295221545207
11 10 1 4 -0.08223933627974099
2 13 1 4 0.09852474202533466
6 13 1 4 -0.08610084173712998
15 18 1 4 0.08928549884778841
3 2 2 4 0.09425211521985737
3 3 2 4 -0.09737605540430283
9 4 2 4 0.09169228912385914
14 5 2 4 0.080927377362908
10 6 2 4 0.0862826443895085
13 6 2 4 -0.11467836648849292
15 7 2 4 -0.08349984401632363
1 8 2 4 0.09849803476353425
14 9 2 4 0.09014881335147744
15 9 2 4 -0.09593856156568067
14 11 2 4 -0.10118374875877578
15 14 2 4 0.08272748249316197
15 17 2 4 0.08639345872934422
12 19 2 4 -0.08704016751156966
4 1 3 4 -0.12302968951164729
5 1 3 4 0.12353218777423573
6 1 3 4 -0.09158812204389086
6 2 3 4 0.08156107664769144
1 7 3 4 -0.09044794756342327
13 8 3 4 0.1223607536671917
15 8 3 4 0.1231219078384546
4 9 3 4 0.08208421822694004
10 11 3 4 -0.08745658637919444
4 12 3 4 0.0834716594884234
9 15 3 4 0.09028354355642976
4 16 3 4 0.09461447843466446
15 18 3 4 0.10593208940889766
3 19 3 4 -0.09476746742813656
3 1 4 4 0.09917310551375022
1 3 4 4 -0.08589976497106881
5 7 4 4 0.09515086691507596
10 7 4 4 0.08238586358580119
2 9 4 4 -0.10813009251801697
7 10 4 4 0.1020395996082818
6 11 4 4 -0.0850214306996579
12 11 4 4 0.10840439524724092
5 12 4 4 0.0895512772355866
15 13 4 4 -0.10002057920101014
5 15 4 4 -0.081707908089625
6 16 4 4 -0.10612134628273666
3 18 4 4 -0.08584682402012693
7 18 4 4 0.09361380797859774
15 18 4 4 0.10063024344651189
9 19 4 4 0.08539558325422249
5 2 5 4 -0.08751876853855461
15 2 5 4 -0.08708584774611776
4 3 5 4 -0.1014864891687062
10 3 5 4 0.08783168707403999
2 6 5 4 0.08229618779378352
5 7 5 4 -0.10137507492052283
10 8 5 4 -0.10486695254743292
8 9 5 4 0.10003855364395317
9 10 5 4 -0.10978962882947606
3 13 5 4 -0.08460745109765365
6 13 5 4 -0.09861622598419634
7 13 5 4 0.0900941648422899
13 14 5 4 0.08292858681179893
4 19 5 4 -0.09624083310730334
5 19 5 4 -0.08527100465471778
6 20 5 4 -0.09342178901950192
6 1 6 4 -0.1059489762438105
7 3 6 4 -0.08288215264877387
8 4 6 4 -0.08645951275471239
10 4 6 4 0.10388070892730789
1 5 6 4 0.08270565924127475
11 6 6 4 0.09324814136901177
6 9 6 4 -0.08432401854768447
10 9 6 4 -0.09334601527258887
8 10 6 4 -0.09202124784644146
13 10 6 4 -0.08572634460675252
4 11 6 4 0.08983921199966093
9 13 6 4 0.09102092194560243
12 13 6 4 -0.10632980054495522
6 16 6 4 0.10858327233985396
10 20 6 4 0.11462596240295822
13 1 7 4 0.08424034496716538
7 4 7 4 -0.0882692562014495
15 4 7 4 -0.08986092896311841
11 5 7 4 0.09718304740114017
12 9 7 4 0.09789884054072696
5 10 7 4 0.08396977357907802
3 13 7 4 0.08308252311459136
12 13 7 4 0.09826349728713084
5 14 7 4 0.0951062139763784
5 17 7 4 0.08569874747983477
12 19 7 4 0.08621249627747976
10 20 7 4 0.0849912527617705
15 20 7 4 0.15862710775208072
1 1 8 4 0.08954524979500451
7 4 8 4 0.1051294910591415
11 4 8 4 0.08862505163360189
7 7 8 4 -0.11755452591864524
3 8 8 4 0.1260513057828012
5 8 8 4 0.10791448307959388
10 9 8 4 0.12984111054588
5 10 8 4 0.08447429440290437
9 11 8 4 -0.08972399555139865
15 13 8 4 -0.08775513622874219
7 15 8 4 -0.09167884110158475
12 16 8 4 0.08795243031213675
10 17 8 4 -0.09120684286123153
2 18 8 4 -0.08127940690816503
1 1 9 4 -0.12747111815828774
1 2 9 4 -0.0849716429083837
11 4 9 4 -0.0808193877322976
7 5 9 4 0.13755853024270526
11 5 9 4 -0.09107171329748676
1 7 9 4 -0.0889872369594865
8 7 9 4 -0.09665144510481816
15 11 9 4 0.08200593620304446
14 12 9 4 -0.0908179584247856
3 14 9 4 0.09857588899774036
9 14 9 4 0.08700409754704097
5 17 9 4 0.10773926425693967
13 17 9 4 0.10109412182218785
15 17 9 4 0.14779132941705583
12 18 9 4 -0.12103352027579424
15 18 9 4 0.08880168638642118
4 3 10 4 0.10817022030604587
15 7 10 4 -0.09705517374119722
15 9 10 4 -0.09470193238413473
8 10 10 4 0.08694838251338402
15 10 10 4 0.08765623104749766
7 14 10 4 -0.09045920549166207
4 16 10 4 0.08827722334969941
12 17 10 4 0.09697735819082409
5 19 10 4 0.09618745932461283
13 20 10 4 0.0924119238817734
5 4 11 4 -0.12391023036624933
12 5 11 4 -0.08698555414335699
14 5 11 4 -0.08477663572742683
1 6 11 4 -0.1260856768366766
2 7 11 4 -0.10929502480546212
10 10 11 4 0.10292985316347966
12 10 11 4 -0.08459410490808786
9 11 11 4 0.08955490847853932
5 12 11 4 0.0902967455519349
15 15 11 4 0.09529364318778054
4 16 11 4 -0.08529169375054865
13 20 11 4 -0.10385546421896194
8 1 12 4 0.10611619774062893
1 3 12 4 -0.08047291621567888
12 3 12 4 0.10411077427955236
15 5 12 4 -0.10474017367222693
7 6 12 4 -0.11285322792982604
7 7 12 4 -0.08810428525193809
6 11 12 4 0.08137556872266438
13 11 12 4 -0.0914140023398051
6 12 12 4 -0.13294100793908387
8 14 12 4 0.11602786314361861
13 19 12 4 -0.08387947057665471
12 20 12 4 0.08058873294297672
11 1 13 4 -0.0954850258917165
12 4 13 4 0.08010756174405885
15 6 13 4 -0.11913942584176657
5 11 13 4 -0.11279632078870133
7 11 13 4 0.09863940992268391
9 16 13 4 0.09606729114184222
10 20 13 4 -0.08536219475077046
7 2 14 4 -0.08453990321119954
15 2 14 4 -0.10616890524772242
5 3 14 4 0.09056149248110834
10 5 14 4 -0.0909600551079922
4 6 14 4 -0.09055354991777438
12 6 14 4 0.0987178310816795
1 7 14 4 0.09328454089918356
10 7 14 4 -0.10732914107154225
6 8 14 4 0.08009280763532761
9 8 14 4 -0.09625527020142209
3 12 14 4 -0.12476563378478783
8 13 14 4 0.09225154883456091
7 14 14 4 -0.09740246434065679
2 17 14 4 0.08370169794665265
8 17 14 4 0.09569494581580898
10 1 15 4 -0.08520176184948804
4 4 15 4 0.10549808220118051
10 4 15 4 -0.09565132342688278
1 6 15 4 -0.09130911757767517
10 6 15 4 0.08591994619483811
1 9 15 4 -0.08243423707119589
5 9 15 4 0.11095848675701193
6 11 15 4 0.09351025333090097
8 11 15 4 -0.08108599998285539
11 11 15 4 -0.12674531175991596
2 14 15 4 0.08336995083790129
1 15 15 4 -0.09038764759158435
2 15 15 4 -0.08477376590076305
15 15 15 4 0.11146790837413469
7 16 15 4 0.08943262449947226
4 17 15 4 -0.08093327473113039
8 20 15 4 0.10200286727868776
8 6 16 4 -0.08579354546677048
10 6 16 4 -0.08369518638811636
10 8 16 4 0.10389334630775567
5 10 16 4 0.0989670742778384
11 13 16 4 -0.08190537248612562
12 13 16 4 -0.08153884641226561
2 18 16 4 -0.0867996563028521
5 20 16 4 0.08230569031403497
12 2 17 4 -0.080239999763383
9 4 17 4 -0.0890029795249637
3 7 17 4 -0.08447792515658374
7 10 17 4 -0.08239636226695672
1 11 17 4 -0.1267784698806696
12 13 17 4 -0.09343079335059208
11 14 17 4 0.08718439260705883
5 16 17 4 0.10914921657839038
7 1 18 4 0.08049457472349242
15 2 18 4 0.0968074214208433
8 4 18 4 0.0830931870235741
4 5 18 4 -0.08457258171793218
10 6 18 4 0.08003095819363605
15 6 18 4 0.09018820336014323
12 7 18 4 0.10146027786476208
4 8 18 4 0.08817674828683886
1 9 18 4 0.09466495688924974
7 10 18 4 0.08301246171520975
7 11 18 4 0.09056620661837521
1 14 18 4 -0.13599135687530914
8 14 18 4 0.09501286874322638
15 14 18 4 0.0930436688404887
8 15 18 4 -0.08906182307408124
7 17 18 4 -0.08127258270212205
13 17 18 4 0.09670255366722573
12 4 1 5 0.0864000826648554
15 5 1 5 0.08130868245819498
13 8 1 5 0.08661913832453313
10 12 1 5 0.08688304963028826
9 13 1 5 0.10193703108937673
9 14 1 5 0.09571396742740881
12 14 1 5 -0.0961097110579383
8 17 1 5 0.08431341402977328
5 18 1 5 0.08996751425814457
15 18 1 5 0.10584687477109174
15 1 2 5 -0.10429429548192563
1 6 2 5 0.09276537154337046
6 7 2 5 -0.08455733773910781
7 7 2 5 -0.08353091073072155
5 8 2 5 0.09538623152378008
6 9 2 5 0.08166655546022027
7 9 2 5 -0.08499840482157363
13 9 2 5 -0.09987785677961541
12 13 2 5 -0.0824986408233779
13 14 2 5 0.08743431112992452
10 15 2 5 0.08517695706247075
1 16 2 5 -0.09984999663076387
6 16 2 5 -0.08124729692146002
10 16 2 5 -0.0973152128460436
12 16 2 5 0.08892797874554736
7 17 2 5 -0.11077595196442475
7 18 2 5 0.08075362233373792
7 19 2 5 -0.08302231338874475
9 19 2 5 0.08218132125054327
5 20 2 5 0.08735051170365338
8 2 3 5 -0.13217198766889293
3 3 3 5 0.10224969516660445
12 3 3 5 -0.08480688320073612
13 3 3 5 0.10267720284260581
14 3 3 5 0.09882461278361535
8 8 3 5 0.10307042973798802
14 8 3 5 0.08818839171448445
15 8 3 5 -0.09358231802452541
1 10 3 5 -0.09382536571793432
5 18 3 5 0.08461534650824827
13 19 3 5 -0.11521413546948737
3 20 3 5 0.08252744059697906
15 1 4 5 -0.10824268646538912
1 2 4 5 -0.09989001290592772
5 2 4 5 -0.10712740725148134
14 6 4 5 0.08634838436971429
15 8 4 5 0.08866829823379022
14 9 4 5 -0.10855199589989512
2 10 4 5 -0.09054706657995067
7 10 4 5 0.08209029806290277
15 10 4 5 0.08495759777371406
13 14 4 5 -0.08610631599856883
1 19 4 5 -0.08104981495614247
12 19 4 5 -0.08586196380892731
10 20 4 5 -0.08690382228578246
11 1 5 5 -0.08232852578885644
8 3 5 5 -0.09334559140803252
11 3 5 5 0.09909323122333981
3 4 5 5 0.0934809830663713
13 5 5 5 0.11535413359772176
4 6 5 5 0.10804686912149906
10 6 5 5 -0.1063499413338937
13 6 5 5 -0.0891140714825453
1 8 5 5 0.11829575722351558
14 9 5 5 -0.1335743172791933
14 13 5 5 0.1135740114896835
11 14 5 5 -0.109962839331602
4 15 5 5 -0.10224410120271751
5 20 5 5 -0.08485021325179488
14 20 5 5 0.09285863373466338
13 1 6 5 -0.1032864720070046
9 2 6 5 0.09534356303910743
2 3 6 5 -0.11281415505628724
4 3 6 5 -0.08567958317603047
4 5 6 5 0.10280917531234206
10 8 6 5 -0.09573104552286002
1 11 6 5 -0.08907075967309666
13 13 6 5 0.10167823098792997
7 14 6 5 -0.08527316936511982
9 15 6 5 -0.08014431750436743
14 16 6 5 0.09581886577973897
5 17 6 5 0.08084613981836013
12 17 6 5 0.129824490105849
10 18 6 5 0.08578080141628923
10 4 7 5 -0.09675065094487349
12 6 7 5 0.1016819456175584
6 7 7 5 0.08688478630069445
8 7 7 5 -0.11239739623564973
10 7 7 5 0.08960418334642883
12 11 7 5 -0.09855630568356392
1 12 7 5 -0.08601129374251235
14 13 7 5 0.08243504901157231
1 14 7 5 0.1021812332745319
4 14 7 5 -0.08472430220704565
1 15 7 5 0.08320555877532622
9 15 7 5 -0.1383630999466094
10 15 7 5 -0.09154149361776318
9 16 7 5 0.08096747708109464
13 16 7 5 0.09969189948485932
3 18 7 5 -0.09783709783297168
5 18 7 5 -0.10051013282261534
9 19 7 5 -0.10008674144832806
15 19 7 5 -0.0812973397698346
4 1 8 5 0.08376002918337047
13 2 8 5 -0.09715176144967567
10 3 8 5 -0.10382267758230371
6 6 8 5 -0.0909614887951205
10 6 8 5 0.11151775233856558
7 8 8 5 0.10420460138788988
12 10 8 5 -0.12655052870827765
4 17 8 5 0.100751058634725
2 19 8 5 0.08803055826308069
10 19 8 5 0.10190355115291205
11 19 8 5 0.08665157283361836
3 1 9 5 -0.09208285117340381
1 3 9 5 -0.09462524368272515
11 3 9 5 -0.08590556342815452
10 4 9 5 -0.0972346091403722
1 6 9 5 -0.08418960785220973
5 8 9 5 -0.080708945321095
13 8 9 5 -0.08930409424461226
6 13 9 5 -0.08785760324522733
11 13 9 5 -0.09603206571034499
12 14 9 5 -0.08395772507642701
14 14 9 5 -0.09055318224075126
1 17 9 5 -0.08791641776069138
6 17 9 5 -0.08782202543839794
8 17 9 5 -0.08526488333918947
4 18 9 5 -0.095401790918217
7 1 10 5 0.08857592942645405
5 4 10 5 -0.08839105446220906
5 5 10 5 0.08335172776824208
8 6 10 5 0.08772548539170497
9 6 10 5 0.08338315467166997
15 7 10 5 0.08479354427615476
12 8 10 5 0.08394003683007363
11 10 10 5 0.08911852160111716
15 11 10 5 -0.08747748002893643
8 15 10 5 -0.12860314591381206
14 17 10 5 0.09959276483354466
9 18 10 5 -0.08836869908197904
3 19 10 5 0.08223397132861478
15 19 10 5 -0.09243402371161098
9 20 10 5 0.08234215107572547
2 2 11 5 0.09373834843194982
9 3 11 5 0.08777122857297963
2 5 11 5 0.08162946080000376
5 7 11 5 -0.08321318375037433
7 11 11 5 -0.08404280854981205
1 14 11 5 0.08281389023773483
6 14 11 5 -0.10818935809642785
1 15 11 5 0.09704465895778133
13 15 11 5 0.11507552485897102
1 16 11 5 0.1004148455633774
11 17 11 5 0.0804023424702758
11 2 12 5 -0.08386437560489905
12 4 12 5 -0.08158988362588708
14 4 12 5 -0.091635317055174
2 5 12 5 -0.08191356914847794
6 7 12 5 -0.08749010717303451
3 11 12 5 0.08472106956373347
3 13 12 5 -0.08539571660708932
4 13 12 5 0.08187549856568006
2 14 12 5 -0.08373150858855248
8 14 12 5 -0.08051236639316285
13 16 12 5 -0.10449580296305429
11 18 12 5 -0.10262594074158232
11 20 12 5 -0.09034711859839148
6 3 13 5 0.0833645293573327
9 3 13 5 0.10601024490968415
10 4 13 5 -0.08950652865426047
15 4 13 5 0.09060000095124268
9 5 13 5 0.08088326762689835
3 10 13 5 0.08915921355264865
8 10 13 5 0.08373888092834748
9 10 13 5 -0.0880124841922955
14 17 13 5 0.10355972842610674
15 17 13 5 0.09435816917754675
1 1 14 5 -0.08006393783789022
8 1 14 5 -0.08587103464569709
2 4 14 5 0.09376766598791514
2 9 14 5 -0.1252155938354511
9 9 14 5 0.09563045289975297
3 10 14 5 -0.08880251755882801
10 13 14 5 -0.09631953233455505
8 14 14 5 -0.08171556207793458
12 14 14 5 -0.13562193757987792
7 16 14 5 0.08082488852746493
14 16 14 5 -0.09972907236124137
5 17 14 5 -0.08248366415855042
2 20 14 5 0.08774058744916946
15 2 15 5 -0.08144311977759501
6 5 15 5 -0.09212604254622377
13 9 15 5 -0.08825856363862508
5 11 15 5 -0.09587066505499216
9 11 15 5 0.10514626034181229
11 12 15 5 -0.08730401332850868
10 19 15 5 0.08785038339623057
9 2 16 5 -0.0928134608311595
9 8 16 5 0.08545856092209718
10 10 16 5 -0.08052204143140883
13 10 16 5 -0.09669300333011346
12 16 16 5 0.08727328694300625
1 19 16 5 -0.08062213872931269
12 19 16 5 0.08909767596330379
4 1 17 5 0.11425240933103897
10 4 17 5 0.0801376732479973
7 7 17 5 -0.08475173643397327
3 11 17 5 0.08422451941315816
12 12 17 5 0.09621871403044871
8 16 17 5 0.09000435134075029
1 17 17 5 0.08859107795092844
9 19 17 5 0.0800623714511782
9 20 17 5 0.0809873180279943
2 1 18 5 -0.08054771922044682
14 1 18 5 0.09465040502247549
2 3 18 5 0.09358604065693048
5 3 18 5 -0.0976079744165138
6 7 18 5 -0.08243024081671266
3 11 18 5 -0.09373451160660264
4 16 18 5 0.09128618900700913
6 16 18 5 -0.0864591337190784
10 16 18 5 -0.09557268673142988
12 17 18 5 0.0828355078736794
13 17 18 5 -0.08553253495152653
2 19 18 5 -0.0806646905238998
9 7 1 6 -0.08608810175654795
11 7 1 6 -0.08443968449919852
15 7 1 6 -0.08885755611149894
6 8 1 6 -0.08095798944645076
13 8 1 6 0.10084656231426449
9 9 1 6 -0.08927301535624389
3 10 1 6 0.08692639974724764
2 11 1 6 0.12912995695926885
7 12 1 6 -0.08050917917455064
10 17 1 6 0.08668593571108199
14 17 1 6 0.08056429030664576
6 2 2 6 0.11681731679790348
6 3 2 6 0.08041571224479721
12 3 2 6 0.08768416426896158
11 6 2 6 0.09670995384285881
3 7 2 6 0.08639086976578426
15 8 2 6 -0.0867397579749615
4 9 2 6 -0.08242039827692889
2 10 2 6 -0.09751093232600974
15 11 2 6 0.08274527295689071
3 14 2 6 0.08995607457137342
3 15 2 6 0.08792129649343844
13 16 2 6 0.08993062093600937
9 17 2 6 -0.09111702171240237
2 18 2 6 -0.09619180793975797
12 19 2 6 -0.09073302258213005
15 2 3 6 -0.11942702054474601
11 4 3 6 0.08735073268918725
1 5 3 6 0.0878694341323687
9 10 3 6 -0.09670277062352399
7 11 3 6 -0.08230525529406979
2 16 3 6 0.10133202879409561
3 16 3 6 0.08879964248483449
4 17 3 6 -0.10660257019575495
1 19 3 6 -0.11665706991417098
5 19 3 6 0.09868456823730562
1 20 3 6 -0.09365426114205098
15 20 3 6 -0.0989075098307245
10 1 4 6 -0.11246459598778456
15 2 4 6 0.11752495242672363
15 5 4 6 -0.11018055215942907
1 6 4 6 0.09393135857645625
2 6 4 6 0.10139017664641832
6 6 4 6 0.11334105893808136
6 12 4 6 -0.11038442045130492
11 15 4 6 -0.09177208944264703
4 17 4 6 -0.08050646932044392
6 17 4 6 0.11767039147000868
6 19 4 6 0.10385071483037679
2 1 5 6 0.08892210243323669
8 2 5 6 -0.12807936123265337
9 4 5 6 -0.08684992561510188
11 4 5 6 0.10033895171864447
12 4 5 6 0.08031013931233441
5 8 5 6 0.09055779750953145
1 10 5 6 0.11149211245726019
6 13 5 6 -0.08080062916461785
15 14 5 6 -0.09648513008476763
8 15 5 6 -0.08242690606139436
3 16 5 6 0.08559961754596532
7 18 5 6 0.0806736024354605
4 5 6 6 0.09039100213177093
10 9 6 6 -0.10098523954977293
9 10 6 6 -0.08586587750497027
9 11 6 6 0.08104295042462306
8 3 7 6 0.09497909241439624
3 4 7 6 -0.11324263222135818
10 6 7 6 0.10526170062056098
13 7 7 6 -0.08268088483494207
14 7 7 6 -0.09705074654606857
2 9 7 6 -0.08493912739007425
9 10 7 6 0.08541590558265603
6 11 7 6 -0.089114719048989
11 12 7 6 0.0880434499768658
11 14 7 6 0.08006217674838755
6 15 7 6 0.08205449687075865
3 17 7 6 -0.08326031365850046
7 18 7 6 0.1414601029539412
4 19 7 6 0.08898366238025608
2 20 7 6 0.11170379088664642
6 20 7 6 -0.09882713898174052
4 1 8 6 0.08223179309399305
7 2 8 6 0.12997063487354615
14 2 8 6 0.11820625345485264
4 3 8 6 0.09456620090452085
10 4 8 6 -0.14613766910282483
14 4 8 6 -0.10762321901249092
3 5 8 6 -0.08827254378754976
9 7 8 6 0.10475415070733518
9 12 8 6 0.09154457569808552
7 14 8 6 0.10679154817968801
9 14 8 6 -0.09018808882219716
6 15 8 6 0.08444170653027767
1 16 8 6 0.0836954125319438
7 17 8 6 -0.09016257634481836
1 19 8 6 0.09954351619382767
13 19 8 6 -0.09469406737962457
4 1 9 6 -0.0811067220384112
13 1 9 6 0.08758503420031434
12 2 9 6 -0.08548416551439919
14 2 9 6 0.0919610414696978
7 3 9 6 0.08296288138419003
4 4 9 6 -0.084633894642216
13 5 9 6 -0.08162852980824896
9 6 9 6 -0.10542303141332053
13 7 9 6 0.13135956187757866
10 9 9 6 0.088671201693728
7 15 9 6 0.09842753336488767
13 15 9 6 -0.11101171311867844
9 18 9 6 -0.1305270827423887
13 18 9 6 0.09074337895653511
1 19 9 6 0.09658379368097751
9 20 9 6 -0.08012329275356593
2 1 10 6 -0.10693261694372838
12 1 10 6 -0.10597852934615486
9 2 10 6 -0.09507325532540646
4 4 10 6 -0.09834559647961193
13 4 10 6 0.08893067141011604
4 7 10 6 -0.09698433108771681
3 8 10 6 -0.08293919248522841
3 10 10 6 -0.08697954956969343
1 12 10 6 0.13441474730046904
8 16 10 6 0.08639180987175339
4 17 10 6 0.08550171891178593
7 19 10 6 0.08448951593587926
4 20 10 6 -0.09592933022479568
2 2 11 6 -0.08095109400430495
7 2 11 6 -0.08732458815585323
6 8 11 6 -0.10772367248614131
15 8 11 6 0.09396011509904667
10 9 11 6 0.09409227839293315
12 9 11 6 -0.08168407397642471
4 11 11 6 -0.08238127220272684
4 15 11 6 -0.09061201919766625
15 16 11 6 -0.08347321282522488
2 17 11 6 0.10034421856567619
7 20 11 6 -0.08245704786373156
6 3 12 6 -0.0898955205163948
1 4 12 6 -0.09222332335443015
6 4 12 6 0.0892926833771695
2 8 12 6 -0.08232920944307734
8 8 12 6 0.11899479017931625
1 9 12 6 0.08676506000139526
11 9 12 6 0.09997706364303881
3 11 12 6 0.10041805784902365
12 14 12 6 -0.10950949180794312
4 16 12 6 -0.08126592060046241
8 16 12 6 -0.11199385746179076
11 17 12 6 0.08133307152857944
6 18 12 6 0.09216984294791274
13 20 12 6 0.0918770267457879
4 2 13 6 -0.09150690885244489
4 3 13 6 0.08860008598168201
3 6 13 6 -0.11061450484659542
5 6 13 6 0.15387066154117562
13 6 13 6 -0.08996109554973387
5 11 13 6 0.0888348959353066
14 13 13 6 -0.100003769555163
3 14 13 6 0.11157764334916731
13 14 13 6 -0.08108755070794031
14 14 13 6 0.09437765282635872
14 15 13 6 -0.08397181611172985
13 16 13 6 0.0932925015911959
4 17 13 6 -0.09197245708484961
11 17 13 6 0.08542855724308394
6 18 13 6 0.08255364527016419
7 18 13 6 -0.08200387099089647
8 19 13 6 -0.09382740637426047
11 20 13 6 0.08055337670307607
2 2 14 6 -0.11573873920541217
6 5 14 6 -0.09012749163344058
15 6 14 6 0.08110173019135464
3 10 14 6 0.08839067503202053
4 10 14 6 -0.08799540136787874
10 11 14 6 -0.08290840684537328
1 12 14 6 0.08031192534696352
2 13 14 6 -0.08801923976181135
12 13 14 6 0.10249146092958812
2 15 14 6 -0.08417595819967491
12 15 14 6 -0.08646638453469443
4 17 14 6 0.08216919390144595
6 17 14 6 -0.08164207115064738
15 17 14 6 0.0841106129305095
13 18 14 6 0.10855679120516001
4 5 15 6 0.1150417769394452
13 6 15 6 0.08328738962587828
14 6 15 6 0.09301414784374165
6 8 15 6 0.10683923009880461
12 13 15 6 -0.08994986763745544
15 14 15 6 -0.09367766125154577
2 19 15 6 -0.08634729009603656
4 19 15 6 0.09364068850663676
14 20 15 6 -0.09686121418175488
9 1 16 6 0.09765690656415331
10 2 16 6 -0.08400383101599838
6 5 16 6 -0.11471875887632925
7 6 16 6 0.08632471931117032
9 7 16 6 0.09535290399242737
9 9 16 6 -0.09415460231422598
4 10 16 6 -0.08872744413671221
6 10 16 6 -0.08927070954760385
4 14 16 6 -0.08074525364296067
12 15 16 6 -0.08964560687416936
15 16 16 6 -0.09110558286693986
3 17 16 6 -0.1165055422254411
4 17 16 6 -0.09187590452475665
12 17 16 6 -0.08616304913180903
12 18 16 6 -0.10936841192045398
4 1 17 6 0.08094960677035364
13 3 17 6 -0.11080595898106242
3 5 17 6 -0.09309939631393566
5 9 17 6 -0.08188003147858053
14 11 17 6 -0.09729264420546944
12 14 17 6 -0.12571380865105203
8 16 17 6 -0.0985284839991229
7 18 17 6 -0.08163092998515516
12 3 18 6 -0.09877248068972941
13 3 18 6 -0.08908125033561687
2 4 18 6 -0.09325831604243971
5 4 18 6 -0.08031169670035548
2 6 18 6 0.1687751277089891
11 8 18 6 0.09208172868175359
12 8 18 6 0.09445880417988156
12 10 18 6 0.0945147108258279
13 10 18 6 0.10526227212752524
1 14 18 6 0.08285521004378868
9 19 18 6 -0.08477912900821288
11 1 1 7 -0.10071880731064735
9 2 1 7 0.10598083007467438
2 3 1 7 -0.10709078913807993
11 4 1 7 0.11361553710684029
4 5 1 7 -0.09868136155056817
10 5 1 7 0.08662543920146909
11 5 1 7 0.08958872861647452
10 7 1 7 0.10925148940280312
14 9 1 7 -0.08301392515914938
4 10 1 7 -0.08862332176630416
13 10 1 7 -0.11147234916843618
1 12 1 7 -0.08024592536602335
3 13 1 7 0.09105165038117283
4 13 1 7 -0.09818139710158877
10 15 1 7 0.08392603990703797
9 17 1 7 0.08616525047211351
13 19 1 7 0.09311313697698276
12 1 2 7 0.09488970859839113
12 6 2 7 0.08756200969193302
9 8 2 7 -0.10131958610814724
1 11 2 7 -0.08485617154073741
2 12 2 7 0.09432725452460282
10 13 2 7 -0.08338648579067771
14 15 2 7 0.08409676844465125
11 16 2 7 -0.08529009633071856
7 17 2 7 -0.09415802002976373
9 18 2 7 0.08276162874961628
3 19 2 7 0.10350043366396645
13 20 2 7 0.08203209721508767
2 1 3 7 0.09987186017087457
14 1 3 7 0.08593401117340366
1 8 3 7 -0.09329693976026332
2 8 3 7 0.0860424312969402
6 8 3 7 0.08218465008590074
7 9 3 7 -0.09419171178312702
14 9 3 7 0.10131219337124713
4 11 3 7 0.08455747568374512
15 11 3 7 0.0810294572482457
7 13 3 7 -0.08240343141699194
15 18 3 7 -0.10874837846768351
4 20 3 7 -0.1543195163793277
11 20 3 7 0.09430463198030857
4 3 4 7 0.09392341707796215
10 3 4 7 0.08753090699307123
14 3 4 7 -0.08836696398648977
10 5 4 7 -0.08663786063615805
4 19 4 7 0.08891202049276013
4 20 4 7 -0.08903697791415174
10 2 5 7 -0.11389326166913083
2 4 5 7 0.08330432459935391
13 7 5 7 -0.08210827435725312
13 8 5 7 -0.09226666192651771
10 9 5 7 -0.09929193256701721
8 11 5 7 0.12611477345038333
15 17 5 7 -0.08547148551478673
9 18 5 7 -0.08583219231996676
6 1 6 7 0.10764704136201823
6 4 6 7 -0.08921874316071593
12 5 6 7 0.10582341741656906
12 10 6 7 0.0812411266331431
5 11 6 7 -0.09480875214225044
8 11 6 7 0.09096516668260558
14 11 6 7 0.08091565762602668
5 15 6 7 -0.10310257115082742
12 16 6 7 0.11802605709001553
2 17 6 7 0.09661883992706523
6 17 6 7 -0.11612745378336933
12 19 6 7 0.08792739942341816
9 1 7 7 -0.10151085597238875
8 2 7 7 0.08447095197322106
11 2 7 7 -0.08524208612272677
1 4 7 7 -0.12236688902434127
3 4 7 7 0.08268279171126744
8 5 7 7 -0.08610928782760492
11 7 7 7 -0.08951874590369305
13 11 7 7 -0.08894178932742647
4 12 7 7 0.08348484260463371
11 12 7 7 -0.09343278544468839
8 13 7 7 -0.09972304495689935
2 15 7 7 0.10294601334647215
6 15 7 7 -0.08048623247722482
1 16 7 7 -0.0865074708442343
2 17 7 7 -0.09161280408685646
9 17 7 7 -0.09182852287299914
11 19 7 7 0.1000105466232327
7 20 7 7 0.08693867891001497
12 20 7 7 -0.08845567167859439
15 20 7 7 -0.08343940125365912
4 1 8 7 -0.1037963169332839
7 1 8 7 -0.0819159315127194
5 3 8 7 -0.08995026574341841
11 4 8 7 -0.08122402608000312
12 5 8 7 -0.08137604793094276
3 7 8 7 0.08838574992645465
6 7 8 7 0.08915193810931267
5 13 8 7 -0.11914741346652183
9 17 8 7 0.12607490850825587
11 17 8 7 -0.10819564735762116
15 17 8 7 -0.08295308234475456
3 19 8 7 0.0849178099185785
12 19 8 7 0.0869279551273677
9 1 9 7 0.12014436475507458
1 2 9 7 0.10918507574805449
4 5 9 7 -0.12029600900087888
9 5 9 7 0.09187422226776648
4 7 9 7 0.08862749426865917
12 7 9 7 -0.08526701108717392
11 12 9 7 -0.10931172730045137
15 14 9 7 0.08064621310235709
7 18 9 7 -0.08607895501216947
13 19 9 7 -0.10493267331086285
7 20 9 7 -0.10098533910826829
1 2 10 7 -0.09224996259934372
8 2 10 7 0.08690165438161106
5 7 10 7 -0.09540494331223517
9 7 10 7 0.08486285138518983
3 17 10 7 -0.08595932025338625
9 19 10 7 -0.08950698329667214
10 2 11 7 0.110357371603967
10 3 11 7 -0.10459942731973763
9 5 11 7 -0.08662219545094127
15 6 11 7 0.08111625683225351
4 7 11 7 0.09152896986511601
7 11 11 7 0.09138556333525873
5 12 11 7 0.10827596837161849
14 19 11 7 0.08917346837673457
1 4 12 7 0.08010479740200459
10 13 12 7 0.0805781413146568
6 16 12 7 -0.1002672646669645
2 18 12 7 0.08243217969708191
7 18 12 7 -0.08409616718782377
1 19 12 7 -0.10487429987151796
5 19 12 7 0.127490625671351
10 20 12 7 0.08415680859917038
7 1 13 7 -0.10927739546123251
10 5 13 7 -0.09531053682536664
5 6 13 7 -0.08994152565418162
6 9 13 7 0.0816365110883744
10 9 13 7 -0.08612721622839879
9 10 13 7 -0.09478815472288887
12 10 13 7 0.08030355936039882
14 10 13 7 0.0827757331903542
4 13 13 7 -0.08376957496988584
9 15 13 7 -0.11881896452294782
8 17 13 7 0.08537441560488218
6 19 13 7 0.10253754939229584
9 1 14 7 0.1189109763543473
15 1 14 7 0.08097824339956165
4 2 14 7 -0.095006072490787
8 5 14 7 0.09996184478969274
3 8 14 7 0.10511484553215925
5 9 14 7 0.10745351335586058
13 9 14 7 0.0906698892790962
12 10 14 7 -0.08387000452644436
7 11 14 7 -0.0902278048828815
1 13 14 7 -0.10936233185763246
15 13 14 7 -0.1096954539759201
1 17 14 7 0.11853810569813862
7 18 14 7 0.08136231914508803
15 19 14 7 -0.09202449385857578
15 20 14 7 0.08810191980598965
6 2 15 7 0.08436583174456075
15 2 15 7 -0.08536315098233206
8 3 15 7 0.09510839564337244
9 4 15 7 0.1072540465517392
11 4 15 7 -0.08490383408852123
11 5 15 7 0.0884076879307204
14 6 15 7 0.09004155667662075
15 6 15 7 0.09570872575614653
14 7 15 7 -0.09136017894063578
5 8 15 7 -0.08411546825092175
10 9 15 7 0.08032936246604447
14 14 15 7 0.09846067835098772
11 15 15 7 -0.10461664715568729
2 16 15 7 0.11255016095945439
5 18 15 7 0.0848202420487537
14 19 15 7 0.10080083015781345
10 4 16 7 0.08827952143030932
2 6 16 7 0.0847710843078379
1 8 16 7 -0.08917408142626913
6 12 16 7 0.09383791014069678
13 12 16 7 0.0915294793204797
4 14 16 7 0.09062352519752719
5 14 16 7 0.08812174892955284
2 17 16 7 -0.08687602283334883
14 4 17 7 -0.08295420380652317
9 5 17 7 0.08750902709172904
13 5 17 7 0.0808718891391717
12 6 17 7 0.08683426378117157
15 9 17 7 -0.08331631006825405
15 11 17 7 -0.08673846837851787
9 14 17 7 0.08037285317857766
5 19 17 7 -0.0836453903039639
12 19 17 7 -0.110193032473516
9 20 17 7 -0.0955557902689433
14 1 18 7 -0.09224277756811987
2 2 18 7 -0.10307426109815182
13 3 18 7 -0.08954367376787162
14 4 18 7 0.08347554573247622
5 9 18 7 -0.09474054326231134
3 11 18 7 0.08516221511096794
6 11 18 7 0.10005355510608976
11 11 18 7 0.0913740362161001
11 12 18 7 0.10702209442880037
7 17 18 7 -0.11059627001736619
6 20 18 7 0.13270288219899667
2 4 1 8 0.08166533223952682
4 8 1 8 0.1096297343958859
10 8 1 8 -0.08216896192034866
12 10 1 8 0.08413064831236623
5 12 1 8 0.12001404244682386
1 15 1 8 -0.0973519839721854
2 16 1 8 -0.08419249799134823
6 3 2 8 -0.13730064405446635
15 5 2 8 0.1103945360216576
2 9 2 8 0.08967984409350589
12 9 2 8 0.09878880189940697
1 10 2 8 -0.13991466092488258
10 17 2 8 -0.08027422911531132
15 18 2 8 0.08630807212470497
10 20 2 8 -0.08299174979785871
4 1 3 8 -0.11157390777489914
15 3 3 8 -0.13009969107922562
13 4 3 8 0.11053829713819788
15 4 3 8 0.10138126298609841
7 5 3 8 0.08351507242379001
5 6 3 8 -0.09668588368672326
11 6 3 8 0.09171738165102676
7 7 3 8 -0.10324562313175206
12 7 3 8 -0.0939420286222174
3 8 3 8 0.08996855906203323
12 9 3 8 0.080870208624028
5 13 3 8 0.10919469692735645
15 17 3 8 -0.09007050138400632
13 19 3 8 -0.08300614198268026
4 20 3 8 -0.0985748156067849
13 20 3 8 0.1278366896533268
7 2 4 8 0.08089980004578398
13 6 4 8 0.08261780423536055
14 6 4 8 -0.10341699321713055
14 11 4 8 0.08217372831488041
15 11 4 8 -0.1023821807625472
5 13 4 8 -0.08544374204887767
3 16 4 8 -0.11186883244898137
8 16 4 8 -0.09449488297010052
7 18 4 8 0.08895369871653366
2 19 4 8 0.08568103868574042
1 1 5 8 -0.08907390876303652
8 4 5 8 -0.08288570779328201
8 5 5 8 0.09018706435766236
11 7 5 8 0.08382792606801272
14 7 5 8 -0.08450341545610165
6 8 5 8 -0.08013077333539509
9 10 5 8 -0.08427508975323304
8 13 5 8 0.09438889336075179
11 13 5 8 0.08515252587596354
10 14 5 8 0.0907399697349112
10 18 5 8 -0.10517746404182282
12 4 6 8 -0.08002015335396444
6 6 6 8 0.11566731600948826
12 7 6 8 0.11782805313592953
6 10 6 8 -0.09001122774875225
12 10 6 8 -0.08723161235424898
10 14 6 8 -0.10027346180411899
8 2 7 8 0.08764595846629085
8 3 7 8 0.12054280064182755
9 4 7 8 0.09379472375906688
14 4 7 8 -0.08533499067508478
15 4 7 8 -0.08411892184039856
3 5 7 8 -0.12117841261959297
8 10 7 8 0.11693264745693017
9 11 7 8 -0.1097752488733073
2 12 7 8 0.08113391791607236
14 12 7 8 0.09714251675985608
12 13 7 8 -0.08039488033168506
7 14 7 8 -0.08937270237563515
6 15 7 8 -0.08607940499731151
13 17 7 8 0.08011967741002463
7 19 7 8 0.08854913622801905
13 19 7 8 0.1047182497524746
13 2 8 8 -0.09438013286930534
7 9 8 8 0.09883060044102858
9 10 8 8 0.09396559860287795
2 12 8 8 0.09293921921132264
1 15 8 8 0.09368507442430445
14 15 8 8 0.09108501179136097
14 19 8 8 0.08381750110684703
4 20 8 8 -0.08765758456256433
7 20 8 8 -0.08412329596517427
5 1 9 8 0.0836028990913157
1 2 9 8 0.08697810381090007
12 2 9 8 -0.08433148273714516
8 4 9 8 -0.09107677015959924
3 11 9 8 -0.08498540062723653
11 11 9 8 -0.0975165267827234
1 12 9 8 -0.1664762724532527
11 18 9 8 -0.10171039668301328
15 3 10 8 0.10297736289311292
5 5 10 8 -0.09875224914182738
7 6 10 8 -0.09668038730391929
7 7 10 8 -0.11391918198344456
12 7 10 8 0.10279023343781679
10 9 10 8 -0.1130860629132488
11 9 10 8 0.08611686158454972
4 10 10 8 -0.08049660382358005
5 12 10 8 0.08003779835036869
3 15 10 8 0.09729342092439221
15 15 10 8 -0.11817765466582889
14 16 10 8 0.09841351055877884
15 16 10 8 -0.08044335584922165
8 19 10 8 -0.08042741446134756
15 7 11 8 0.08756564762898957
8 8 11 8 0.09608464337919229
2 16 11 8 0.1006720799970975
15 16 11 8 0.10171085182891326
14 17 11 8 0.11621830434760758
2 19 11 8 -0.0942843904029868
3 19 11 8 0.08297462414712155
4 4 12 8 0.09750927496391476
11 8 12 8 0.11771306138176342
1 9 12 8 0.08733574074468958
9 11 12 8 -0.08183946293210657
5 15 12 8 0.08117817967990655
1 16 12 8 0.11671682708763378
1 17 12 8 -0.1185188037656651
2 17 12 8 0.0832720364399821
9 17 12 8 0.10469012358167334
3 20 12 8 0.09320699958174816
1 1 13 8 0.08805232632879703
2 2 13 8 0.08707850309161269
4 3 13 8 -0.09262176517273601
6 3 13 8 0.10576066553946761
2 5 13 8 -0.10725405741213556
8 8 13 8 -0.09286702683483693
9 8 13 8 -0.09338690711107496
7 10 13 8 -0.09153602315106174
6 13 13 8 -0.08935962511715308
3 15 13 8 0.09167182766776244
11 18 13 8 0.09660330091335124
3 20 13 8 0.09847600751617878
10 20 13 8 -0.08665709741300046
15 20 13 8 0.09140051856537398
13 3 14 8 0.09083503615911692
9 6 14 8 0.09791076980846877
12 6 14 8 -0.08791028292837945
12 7 14 8 0.08137789791497618
10 10 14 8 -0.09180361602686428
2 12 14 8 -0.09122643065843247
5 12 14 8 0.09019011797356201
8 13 14 8 0.1148164564677026
9 15 14 8 -0.09034800481746948
14 15 14 8 0.09277808195755219
6 19 14 8 -0.08554778328803309
4 20 14 8 0.12127649896374687
14 1 15 8 0.08031868784145732
7 2 15 8 0.09878388130636355
2 3 15 8 0.12468065880824857
7 4 15 8 -0.11600027140206129
15 4 15 8 -0.08062789612881098
13 5 15 8 0.09905030095787982
10 7 15 8 0.09159687469788808
14 8 15 8 0.08321878056975954
14 11 15 8 0.10503368609845366
8 12 15 8 0.0858304382640945
2 13 15 8 -0.08130717938056053
2 16 15 8 0.09668009740276297
13 18 15 8 0.08003733305520498
13 19 15 8 0.08237312113640988
2 1 16 8 0.08004048066941871
10 1 16 8 -0.08036169618669046
9 2 16 8 0.09994226984372045
8 3 16 8 0.0873003725474974
13 10 16 8 -0.09201603783008169
7 11 16 8 0.09255129049912311
2 12 16 8 0.11856255867747921
15 16 16 8 0.09574185664746558
5 17 16 8 0.11384615382156703
12 17 16 8 0.09049101583773204
4 18 16 8 -0.08441228026787616
2 20 16 8 0.09173796560337247
4 20 16 8 -0.08886412784490272
12 2 17 8 -0.08655138222361479
5 3 17 8 -0.08173109622795566
6 3 17 8 -0.08823552505674997
1 4 17 8 0.10427688017335539
7 4 17 8 -0.08852927397442348
3 5 17 8 0.09460850467780735
1 9 17 8 0.09315944807870304
1 10 17 8 -0.09617251908251614
12 10 17 8 -0.09414681844075394
8 11 17 8 0.08137865964050306
14 12 17 8 -0.1187010922700152
11 13 17 8 0.0813851984029809
1 15 17 8 -0.08378452523079823
12 15 17 8 0.08535798398337938
5 19 17 8 0.08503304385739482
11 19 17 8 0.08149193264696104
1 1 18 8 0.09284522490705877
2 1 18 8 0.09235754371309456
7 1 18 8 0.09689416472333562
12 1 18 8 0.10782823519885268
1 4 18 8 -0.1011629088785213
2 4 18 8 -0.08289440273275685
11 5 18 8 0.08153946596467926
10 6 18 8 0.08898986187429996
14 6 18 8 -0.08600378710065801
13 8 18 8 -0.12858989555431413
3 9 18 8 -0.0822852478299533
2 12 18 8 0.08458800705256407
4 13 18 8 -0.08805774531198562
4 14 18 8 -0.09691228998190873
1 15 18 8 0.08729266091593485
4 15 18 8 -0.08271154034106643
10 16 18 8 0.0891450044886859
6 19 18 8 -0.08365357759159571
10 19 18 8 0.10665534820247748
5 20 18 8 -0.09663829406529491
12 2 1 9 0.08768126075610337
1 3 1 9 -0.08931734676383507
10 4 1 9 0.08885725767563718
6 8 1 9 -0.10371972357283038
11 8 1 9 -0.08712619577922082
12 17 1 9 -0.10022941077728494
15 17 1 9 0.08209449281995125
2 1 2 9 0.0926373319173504
5 3 2 9 -0.08330434663809573
2 4 2 9 0.10545976006507152
8 4 2 9 -0.09040424122439104
2 6 2 9 0.11759132737287392
13 7 2 9 0.09493497037778215
14 10 2 9 0.10199938370314875
11 12 2 9 -0.08774922960949218
9 15 2 9 -0.09583667664422758
10 15 2 9 0.09177093738648548
14 15 2 9 -0.09243540980311035
10 20 2 9 0.10267692614847851
2 2 3 9 -0.08424810195509966
5 3 3 9 -0.08661693731748688
11 3 3 9 0.0941638502645514
14 4 3 9 0.0897893600194671
8 5 3 9 -0.09382101587997421
11 6 3 9 0.09922539634134372
2 8 3 9 0.0825035801527287
6 13 3 9 -0.08986864460982222
4 14 3 9 -0.09476925655570645
10 14 3 9 -0.08115990498902614
14 17 3 9 -0.08492846625260009
2 18 3 9 -0.10317647465039986
12 19 3 9 -0.09798429884291326
12 2 4 9 -0.09212205379416996
5 5 4 9 -0.11227190325431945
10 5 4 9 0.08434430793453974
7 7 4 9 0.08113552238537156
1 11 4 9 -0.10552418804774343
4 11 4 9 -0.09978000930423561
3 13 4 9 -0.08002923011000332
13 13 4 9 -0.11069204172122628
13 17 4 9 -0.09090561380049363
6 19 4 9 0.12960456581728727
1 3 5 9 -0.11225989804700016
9 10 5 9 -0.0879521897773474
13 11 5 9 0.08532901781683726
7 12 5 9 0.08292964015963078
1 13 5 9 0.08173271767490929
6 13 5 9 0.08802114717206619
14 14 5 9 -0.09394936137082983
6 15 5 9 0.09291698134198066
1 16 5 9 -0.08467331944203908
12 17 5 9 -0.09230842532066293
11 1 6 9 -0.08709401115988791
3 4 6 9 -0.09141639261249718
10 4 6 9 -0.08000869782009089
6 6 6 9 -0.09695445117459547
10 7 6 9 0.08927061655864645
11 7 6 9 -0.0871293221228113
10 12 6 9 -0.08687710524478331
11 16 6 9 -0.089264546452018
12 16 6 9 0.08520773717272759
13 16 6 9 0.0848559777083222
11 17 6 9 -0.08409116854615589
14 17 6 9 0.0824896450945659
12 19 6 9 0.09017642964242346
11 20 6 9 -0.08228290025040243
2 1 7 9 0.10852953332363711
1 2 7 9 0.136107216638581
2 3 7 9 -0.08347661234817204
15 3 7 9 0.0849002976143402
9 4 7 9 0.0934748794045517
5 6 7 9 0.08619981988435083
14 9 7 9 -0.08294671779281296
8 14 7 9 0.09661658062648608
15 14 7 9 0.09752165513786885
4 15 7 9 0.09066338420506208
5 19 7 9 -0.0823616153747854
11 1 8 9 -0.10708793613020422
4 2 8 9 -0.09300867771391087
8 3 8 9 0.08737400095417301
14 6 8 9 -0.0917762542212379
15 9 8 9 -0.10654683199617632
13 16 8 9 -0.10658003670936926
5 19 8 9 -0.10043975148104398
7 4 9 9 0.08839222687036741
6 5 9 9 0.09574705540501142
9 5 9 9 -0.09269786063676547
14 5 9 9 0.08590213051268425
1 7 9 9 0.13751008832323874
7 8 9 9 0.09841961163829567
6 11 9 9 0.08555523982591266
10 11 9 9 0.09211595697539288
9 13 9 9 0.0892461889765749
9 14 9 9 -0.08218193966279637
8 15 9 9 -0.08011396990461865
1 16 9 9 -0.08045076929611607
15 17 9 9 -0.09457495690513822
7 19 9 9 -0.08293880176939337
14 1 10 9 0.08335678035090335
2 4 10 9 -0.1062209801988051
3 4 10 9 0.11206200614965689
8 5 10 9 0.08224543388360138
7 6 10 9 0.08186705485409893
6 7 10 9 0.08834277383829436
9 7 10 9 0.09361659708749612
10 8 10 9 -0.0866170596967823
13 9 10 9 -0.09716224058425728
10 14 10 9 -0.09210676151554657
4 17 10 9 -0.10879148399271975
10 17 10 9 -0.08021545062508399
3 19 10 9 -0.08087716345030986
10 20 10 9 0.08214588349683606
6 1 11 9 0.0866285019093079
12 2 11 9 -0.09137040886700429
14 3 11 9 -0.08074395302100483
5 4 11 9 -0.08978500974603172
6 7 11 9 0.08005842532627808
12 8 11 9 0.08494085634834792
2 9 11 9 0.08089857593044793
12 9 11 9 0.08844743606279637
1 10 11 9 0.0874961822251378
12 12 11 9 -0.09395093883724151
9 13 11 9 0.11653825125698596
9 14 11 9 0.1371229609575929
13 18 11 9 0.1001481365626852
4 19 11 9 -0.08632673073105107
11 20 11 9 0.0849725929205155
13 20 11 9 -0.09647393900545019
7 2 12 9 -0.08174266613728065
9 2 12 9 0.09020077574616364
10 4 12 9 0.09175194461195944
11 4 12 9 -0.08492078388570411
5 6 12 9 0.08491320687355876
5 10 12 9 0.08219976183177632
14 10 12 9 0.08865712885253915
3 11 12 9 0.101309561756149
7 12 12 9 0.10193234274987382
7 14 12 9 0.08199284230574863
3 16 12 9 -0.09122267062023039
6 17 12 9 0.08190150819442966
13 19 12 9 0.08167124164722595
12 20 12 9 0.09079859439115895
14 1 13 9 0.11509726195665114
4 4 13 9 0.09407640321162977
4 5 13 9 0.0914902528625475
1 6 13 9 0.11730805387993477
4 6 13 9 -0.08219240748695542
4 7 13 9 -0.0973984197636164
9 7 13 9 0.08883153841888071
12 8 13 9 -0.09709513402932651
15 10 13 9 0.08156464808287962
6 11 13 9 -0.12946164142295358
2 12 13 9 -0.09456220505719017
13 12 13 9 -0.1117155340454685
2 13 13 9 0.08032423120833208
11 13 13 9 -0.09657016424424096
14 13 13 9 0.08292984789753169
6 15 13 9 -0.08186131787268731
13 19 13 9 -0.09686561576685332
9 20 13 9 0.08589526519724565
10 2 14 9 0.1039025354382148
6 5 14 9 0.09640646341138637
7 5 14 9 0.08085150564093625
9 5 14 9 0.08029005119236336
2 6 14 9 -0.09489776760758815
12 7 14 9 -0.09486357459128725
7 12 14 9 -0.0833801961825696
3 16 14 9 0.10239060844709419
12 19 14 9 0.08713885194151726
6 20 14 9 0.09066629368462643
1 1 15 9 -0.11759901966025713
12 3 15 9 -0.08228239158954016
1 4 15 9 0.08894201480533726
6 4 15 9 -0.18580013865558526
15 5 15 9 -0.0859700961809077
4 6 15 9 -0.08619172275204792
3 7 15 9 -0.0885555895515043
5 7 15 9 -0.08128127555464415
5 9 15 9 -0.10783806924146312
6 10 15 9 -0.0860313270055306
11 11 15 9 0.10265072583591789
4 14 15 9 0.08559731310024962
3 15 15 9 -0.08687353862607057
9 15 15 9 -0.10951282002566054
11 15 15 9 -0.08527139555289268
12 18 15 9 -0.09502556233330312
14 18 15 9 -0.10394368206643342
2 19 15 9 -0.09204310842676187
5 1 16 9 -0.08216837733206299
8 1 16 9 0.08773533907772972
10 3 16 9 0.089037594138348
6 4 16 9 -0.09611922194136589
11 4 16 9 0.09779010341587047
4 7 16 9 0.08687510947518977
13 9 16 9 0.08448336405338414
2 10 16 9 0.11425171282964822
2 12 16 9 0.08050095926612169
5 14 16 9 0.08245198590546499
12 14 16 9 -0.12949903360122392
4 18 16 9 0.09843895954913716
5 19 16 9 -0.08471872139012966
8 19 16 9 -0.08982567014531757
12 19 16 9 -0.11175480575794731
1 1 17 9 0.10401803148088795
4 2 17 9 -0.09594533376962075
10 2 17 9 0.10779279181855546
5 4 17 9 -0.09909954528355833
6 8 17 9 -0.10262936568394468
15 8 17 9 -0.08958978128333327
1 9 17 9 0.09651130553952508
7 14 17 9 -0.09013927853869912
7 15 17 9 0.102936516451009
9 17 17 9 -0.10289703156829709
2 19 17 9 0.10767256390962632
6 19 17 9 -0.11801533757985411
7 19 17 9 0.08565834775480653
12 19 17 9 0.09565403630421251
15 20 17 9 -0.11331743312733703
3 7 18 9 0.08362000519385683
3 8 18 9 0.0805390041957366
13 8 18 9 -0.10180267238782055
8 16 18 9 -0.08596378939219985
1 17 18 9 -0.08946090791635054
3 18 18 9 0.08324603087881886
7 20 18 9 0.09438925550185247
14 2 1 10 0.1013095768611295
1 3 1 10 -0.10063003444906421
1 5 1 10 -0.0932322447578399
5 9 1 10 0.12119773428601488
8 12 1 10 -0.09217633000468448
2 13 1 10 -0.08183717035980802
4 15 1 10 0.10348414319912645
2 20 1 10 0.08390445449264573
8 20 1 10 0.10605873402463863
9 2 2 10 -0.08167528372257182
15 2 2 10 0.09977009243793945
2 5 2 10 -0.08915096084892786
13 6 2 10 -0.09288722359834904
8 7 2 10 0.09784404495289271
1 8 2 10 -0.08707808862488059
12 9 2 10 -0.11784964331058932
15 11 2 10 -0.09493014577064726
13 13 2 10 0.08344620407044752
7 16 2 10 -0.08201017288391693
9 16 2 10 0.08565709131191261
2 17 2 10 0.0897505802850613
12 17 2 10 -0.08271692233582816
12 18 2 10 0.08250315552736384
12 19 2 10 0.09546848891486837
1 20 2 10 -0.08718450610938973
6 1 3 10 -0.09970858907775326
7 1 3 10 -0.0827018654954317
9 1 3 10 -0.08706127730224314
14 2 3 10 0.13198355659734845
3 3 3 10 -0.08961172437970946
12 3 3 10 -0.08354448194799202
13 4 3 10 0.10778336971671916
15 7 3 10 0.10461221654935147
15 8 3 10 -0.08628759915748972
6 11 3 10 0.10088299686517914
5 17 3 10 -0.09994752098779257
10 17 3 10 0.10492817062447235
15 17 3 10 -0.08982592452202469
7 18 3 10 -0.08377828351434058
14 19 3 10 0.10011102191268421
6 4 4 10 0.10632367346822015
7 4 4 10 0.09854589108741704
9 4 4 10 0.08097481161659989
13 5 4 10 -0.0883861003415818
7 6 4 10 -0.08278406794132728
9 6 4 10 0.08398933473846473
9 9 4 10 0.09086914558968351
13 9 4 10 -0.0822908529915101
9 12 4 10 0.09055738466689041
10 12 4 10 -0.10008693339348987
13 15 4 10 0.0922919779609873
6 17 4 10 -0.08702396532153134
2 18 4 10 0.08596205938227511
9 1 5 10 0.1416449655361823
2 2 5 10 -0.09457001108450928
10 7 5 10 -0.09096784786096193
5 10 5 10 -0.10267772559968491
12 10 5 10 -0.10476695461303608
9 11 5 10 -0.08595643356225542
11 11 5 10 0.08989042269178764
1 12 5 10 0.10805508698359394
11 12 5 10 0.10622761770109111
4 14 5 10 -0.08445066903457694
10 14 5 10 -0.08486275081537484
3 19 5 10 -0.11764043068812496
12 19 5 10 0.0993631553229621
15 1 6 10 -0.08643406806486445
5 3 6 10 -0.08143659712040725
14 7 6 10 -0.09343194684530025
8 8 6 10 -0.09031387893156011
10 11 6 10 0.0860058308779535
9 12 6 10 -0.08270764304838929
13 12 6 10 0.08231295509604059
3 14 6 10 -0.087459975456676
9 14 6 10 0.08117954295139963
10 14 6 10 0.08099919841806866
12 3 7 10 0.11898678509348654
6 6 7 10 -0.08266244738402698
1 8 7 10 0.10482257432071998
8 8 7 10 0.08006037374513125
1 9 7 10 0.08323573272608432
2 9 7 10 -0.12482811743703147
7 11 7 10 0.08058324673652624
13 11 7 10 0.0816507668184586
3 19 7 10 -0.08440431244075196
11 4 8 10 -0.10355280750785573
5 5 8 10 0.08921071995502114
2 6 8 10 -0.09908538235123117
10 6 8 10 -0.08588425901815577
7 12 8 10 -0.09013375438187674
12 12 8 10 0.0964153024328908
3 14 8 10 -0.08329672231968842
4 15 8 10 0.09690870367197973
13 15 8 10 0.10109884196048323
7 17 8 10 0.08285531218020933
2 18 8 10 -0.09050626546537721
8 18 8 10 0.08289861668131561
6 19 8 10 -0.08103871629110702
12 20 8 10 -0.11908030123102036
3 2 9 10 -0.09921606647476514
13 3 9 10 0.08655204803952919
6 4 9 10 0.08687117497925029
9 4 9 10 0.08474555954247469
1 5 9 10 -0.09638049944103173
7 5 9 10 -0.08753306700682459
15 5 9 10 -0.08170187791980953
4 6 9 10 -0.11226142167733993
15 10 9 10 0.09254840416993695
9 12 9 10 -0.08920179733180436
9 13 9 10 -0.10629865686035124
2 15 9 10 0.08861348143254352
15 15 9 10 -0.08043050031432059
8 17 9 10 0.0970466582745672
4 2 10 10 0.08676464914167768
10 2 10 10 -0.083566006795771
11 2 10 10 0.08372192796367448
5 6 10 10 -0.08047216870718421
15 7 10 10 -0.10595556021404721
15 9 10 10 -0.08415719281785836
1 10 10 10 0.0848753354642752
2 13 10 10 0.09213756336584801
2 15 10 10 0.0899365646952002
4 16 10 10 0.08350127711339295
8 16 10 10 -0.08055764805645516
3 1 11 10 0.09051535395995502
15 2 11 10 -0.10035961583407349
7 3 11 10 -0.09480811337854715
13 3 11 10 -0.11274264030870858
6 5 11 10 -0.10985382122820579
7 5 11 10 -0.09447412962556946
6 6 11 10 -0.08850004595076116
6 9 11 10 -0.09617162204188122
1 10 11 10 0.08066209184298542
8 10 11 10 0.10212729512369757
10 11 11 10 0.0813406640311615
6 14 11 10 0.1041452933220514
10 14 11 10 -0.09137357891453451
11 16 11 10 -0.09207479198601184
8 17 11 10 -0.08638941804562185
3 5 12 10 -0.08982597020736297
11 5 12 10 0.08931858605422748
13 6 12 10 0.08075046546538454
1 7 12 10 -0.11266554734427525
12 7 12 10 -0.083274176503034
5 9 12 10 0.09020923856843381
10 10 12 10 0.10277002821070634
13 11 12 10 0.08411595751387961
7 12 12 10 -0.08810145271155927
8 12 12 10 0.09029777656695108
15 16 12 10 -0.1147838183520348
2 20 12 10 -0.08128838362975377
6 6 13 10 0.08326040571133288
7 6 13 10 -0.09733223950292184
11 8 13 10 0.08235047689262501
6 10 13 10 -0.08819647432236535
13 12 13 10 -0.11021637581868757
7 13 13 10 -0.11802785257465771
15 14 13 10 0.08398908626249534
11 18 13 10 -0.10480192820074107
4 20 13 10 0.1052554734214166
7 20 13 10 0.08548167695997722
8 20 13 10 0.10965889404924184
11 1 14 10 -0.09697773437067918
13 2 14 10 0.08025271379792849
6 3 14 10 0.08380658053320494
1 6 14 10 0.10998787117594265
6 6 14 10 -0.09866828365512138
15 6 14 10 -0.08296588247379895
8 7 14 10 -0.08673407294242753
1 8 14 10 -0.08097327953397956
11 8 14 10 0.10106590515764413
3 10 14 10 0.09097303820950602
12 11 14 10 -0.08892308523556125
9 12 14 10 0.08247430177147758
13 12 14 10 -0.08187267579953293
15 12 14 10 0.10026647656011861
6 13 14 10 0.10113882806933751
8 20 14 10 -0.08325737839764862
3 2 15 10 -0.11130819215466004
12 2 15 10 -0.1052029594043737
6 6 15 10 -0.12719267836523893
6 11 15 10 0.08122330892703246
2 12 15 10 -0.08220741368165524
5 12 15 10 0.09308640663534266
11 12 15 10 -0.08662709302390544
2 13 15 10 0.081040604200063
4 13 15 10 -0.09137125956547014
7 18 15 10 0.09226024152249185
12 18 15 10 -0.0930208053180297
13 5 16 10 0.08725898634811538
11 7 16 10 -0.08621010657202079
9 8 16 10 0.08818879529045485
13 8 16 10 0.1258716177096851
2 10 16 10 0.08263539703431273
14 10 16 10 -0.08502913101343977
13 13 16 10 0.11121813224969813
3 15 16 10 0.08462047400631391
4 15 16 10 -0.08826332475828239
8 15 16 10 0.08849340311207918
8 16 16 10 -0.10413055195588955
4 19 16 10 -0.09085037580446921
7 9 17 10 0.10040779993931022
10 9 17 10 0.09930560803488243
2 10 17 10 -0.08175098240360575
3 12 17 10 -0.09322854640877849
6 12 17 10 0.08022551953246743
4 13 17 10 0.08652322942918748
7 14 17 10 0.09892032675587215
2 15 17 10 -0.08734193092518526
7 15 17 10 -0.08825059505851679
2 16 17 10 -0.08749224339617952
1 17 17 10 0.08002331762174067
7 17 17 10 -0.09813140746019919
15 17 17 10 0.11534973973854973
13 18 17 10 0.08817563329124482
4 19 17 10 -0.12007664183634668
10 19 17 10 -0.081774253224039
13 19 17 10 0.0926301846753019
4 3 18 10 0.08914849754959235
13 3 18 10 0.10363491917844403
11 4 18 10 -0.12749660077467898
7 6 18 10 -0.08822975418331096
8 8 18 10 -0.084775280415279
7 14 18 10 0.09022582151154984
8 15 18 10 -0.1003381043829727
10 15 18 10 -0.0808830357212094
9 16 18 10 0.08799484856187503
10 17 18 10 -0.11674838630956658
1 19 18 10 0.09662481853241191
5 1 1 11 0.09513550301181008
1 3 1 11 -0.09354523947487192
7 4 1 11 -0.09968337383207508
13 6 1 11 -0.09644691032520827
15 6 1 11 0.11294983885851848
12 7 1 11 -0.10740184066953046
8 10 1 11 0.0860485629713356
5 12 1 11 0.08706755217377858
5 16 1 11 0.08643017765991053
6 16 1 11 -0.08356794777004455
10 16 1 11 0.09025288151752238
5 17 1 11 0.09961759531211957
5 20 1 11 0.1327129159073935
8 20 1 11 -0.09688988222088318
3 2 2 11 0.08833025530263007
3 5 2 11 0.11999082596795516
10 5 2 11 0.08145679665845519
8 9 2 11 0.105736520129074
5 10 2 11 -0.11411975307435945
15 12 2 11 -0.08020538534541626
2 13 2 11 0.09730874198901225
7 13 2 11 -0.08583679383317873
12 13 2 11 -0.0997746703262806
6 14 2 11 0.08354805182244694
13 18 2 11 -0.08503286329362854
6 1 3 11 0.10533671806068039
13 1 3 11 -0.09384058074434966
12 8 3 11 -0.08070741632547411
13 13 3 11 0.09758312774953526
12 14 3 11 0.08263399494600936
15 15 3 11 0.08053227793083094
1 18 3 11 -0.10230305655897524
11 18 3 11 0.09625912461493662
5 20 3 11 -0.0860604280112805
11 20 3 11 -0.09236093003836128
14 2 4 11 0.08260779747751047
15 4 4 11 0.1014125874426581
6 7 4 11 0.11640113918872311
7 9 4 11 0.08090871457257476
2 13 4 11 0.12564424831552878
6 14 4 11 0.11286360524436734
15 14 4 11 0.1029790763952192
7 15 4 11 0.09813924671993622
12 15 4 11 -0.08832261141130543
7 19 4 11 0.10778116634991533
9 19 4 11 0.09339387340514413
10 20 4 11 -0.09425555362525156
4 6 5 11 0.09935039851221267
6 6 5 11 -0.10826077985867956
15 8 5 11 0.09689710843853737
9 10 5 11 -0.08145240009751337
11 11 5 11 0.08645758911325108
10 13 5 11 -0.0926120205126882
7 17 5 11 0.08571082515720961
5 20 5 11 -0.08179466374669497
2 7 6 11 -0.09205672366017863
5 8 6 11 0.08994057414366019
6 9 6 11 0.08925718925053168
6 10 6 11 0.09570305031752532
14 10 6 11 -0.09244377536501068
4 11 6 11 -0.0979370022296494
10 11 6 11 0.09253744966727645
3 12 6 11 -0.08958880545689153
8 13 6 11 -0.09067114208776766
1 14 6 11 0.10152092208213621
4 18 6 11 0.09470453875304637
6 18 6 11 -0.09024194523887738
1 19 6 11 0.12164180880060405
5 3 7 11 -0.12986800016466
1 4 7 11 -0.10157008181821885
12 8 7 11 -0.12345843535715956
13 12 7 11 -0.08763364801012738
1 13 7 11 -0.08008942138840962
10 13 7 11 -0.09691752921826267
10 18 7 11 0.10058646913186693
8 1 8 11 -0.09729956568721586
9 1 8 11 -0.09345164338658743
13 1 8 11 -0.08033398856647868
5 5 8 11 0.0909951030623788
10 6 8 11 0.11511809129335102
15 12 8 11 -0.09127536948550576
13 13 8 11 0.08166858216082383
5 15 8 11 -0.08684409745000728
12 15 8 11 0.0824046010441829
11 16 8 11 0.08224685315948807
8 20 8 11 0.10563219955530402
6 2 9 11 0.08895771268871394
11 3 9 11 -0.09174132686546625
7 5 9 11 -0.10350827845998994
12 9 9 11 0.08611355319026677
1 10 9 11 0.11461049382790864
4 10 9 11 0.1088058894399746
9 13 9 11 0.09542107374529621
1 18 9 11 -0.09245436697294006
10 18 9 11 0.1010310851249952
2 19 9 11 0.0933039150473361
5 2 10 11 -0.09435172977067037
7 3 10 11 0.1004299225908517
12 7 10 11 0.08474255834030378
6 9 10 11 0.08813621180830175
10 9 10 11 -0.10251362937465977
12 14 10 11 -0.11736777783665966
13 14 10 11 0.11083150982089264
6 18 10 11 -0.11457988523332543
1 20 10 11 0.09457024526084357
8 20 10 11 0.08269478680546673
11 1 11 11 -0.08912235841459952
3 4 11 11 0.08338322556229082
4 4 11 11 0.08425943200805303
12 5 11 11 0.08806412013383251
14 5 11 11 0.10447694142963775
12 9 11 11 0.10452136770371331
6 16 11 11 -0.0862472129147181
8 1 12 11 -0.08113424280021257
1 4 12 11 -0.10317344792948058
2 5 12 11 0.09119329812921048
6 5 12 11 -0.09365810747890922
3 6 12 11 0.08891677190209757
7 6 12 11 0.0814726080392623
15 7 12 11 0.09381461286852405
5 10 12 11 -0.08339701941965959
4 14 12 11 0.0824790412008012
6 14 12 11 0.09478455472882615
4 16 12 11 0.08691389868454334
1 18 12 11 -0.10682560399326356
9 18 12 11 -0.08248338269834567
15 19 12 11 0.08270161457999478
10 20 12 11 0.09039958543220114
2 1 13 11 0.09673571843718773
4 1 13 11 -0.08234992138488897
10 1 13 11 -0.0853681020355914
8 5 13 11 0.12076932815767352
2 8 13 11 -0.08371740981079048
10 8 13 11 -0.11170716959393344
4 10 13 11 -0.08947207379528556
12 11 13 11 0.10063690173129342
2 14 13 11 0.0817919540204535
15 14 13 11 0.0914256292260982
5 17 13 11 0.10041712859623811
5 19 13 11 -0.0932089620769373
10 19 13 11 -0.11740352164833207
6 20 13 11 0.08786885604932558
10 1 14 11 -0.09080553452183024
3 2 14 11 -0.0949089287675664
1 4 14 11 -0.09087625006432876
7 6 14 11 0.08727684493212166
15 6 14 11 -0.09131028428282437
8 8 14 11 0.10687135963496802
2 10 14 11 -0.10621003702403595
5 16 14 11 -0.08164544623879053
13 19 14 11 0.08253929116842086
6 20 14 11 -0.08561837588642458
7 20 14 11 0.08011115523792835
12 1 15 11 0.10691473422872796
5 2 15 11 -0.08769938642805544
2 4 15 11 -0.08972649509700134
12 5 15 11 -0.09574369442821594
9 6 15 11 -0.10248231969666867
12 7 15 11 -0.10237591782848733
7 9 15 11 0.08160516406071935
13 10 15 11 -0.10798588486360391
10 11 15 11 0.09899948321627507
3 12 15 11 -0.13688061494509413
4 16 15 11 -0.09501230823954028
8 16 15 11 0.09235568615834884
10 16 15 11 0.10105936382142176
5 17 15 11 -0.088309252627394
1 18 15 11 -0.10632768706184759
11 19 15 11 0.09140075316901576
5 6 16 11 0.08781102846027906
14 8 16 11 0.0924181200405128
7 9 16 11 -0.10193020841929654
7 10 16 11 -0.08011003640681273
4 11 16 11 0.08564340508213206
10 13 16 11 0.08439167025144101
15 13 16 11 -0.08127267934143212
2 15 16 11 -0.08243608161912211
12 16 16 11 -0.08215108695815942
8 17 16 11 -0.09076203009805321
2 19 16 11 -0.08515957430778658
11 20 16 11 0.08390560889433679
5 4 17 11 -0.08863647983875451
8 5 17 11 -0.08010718617661183
15 6 17 11 0.08837388554400688
3 7 17 11 -0.09155425320696811
9 8 17 11 0.08454739875303124
12 9 17 11 -0.12689424103806424
3 10 17 11 0.09813000640654297
7 12 17 11 0.11958354597406855
10 13 17 11 0.08153944567439497
8 15 17 11 0.10022457014179972
6 18 17 11 0.08693985569788887
12 20 17 11 -0.08193772869258985
2 1 18 11 0.1047396432978652
6 1 18 11 -0.08100297854797463
2 5 18 11 0.0881333077923105
8 5 18 11 0.09442980865472435
15 5 18 11 0.08405573829825194
3 7 18 11 -0.09234645027695952
5 9 18 11 -0.10470588810205564
8 9 18 11 -0.11150952033426267
3 11 18 11 -0.0900542969122789
11 11 18 11 -0.09403888415319833
15 13 18 11 0.0813435291007028
6 14 18 11 -0.09564151989726913
7 14 18 11 -0.08507590951095374
1 17 18 11 -0.09665204182298841
5 19 18 11 0.08296570302617001
2 1 1 12 0.11103213160030957
9 1 1 12 0.08564498303039034
13 2 1 12 0.09299422653268608
7 3 1 12 0.13441138750415532
4 9 1 12 -0.08370019291019029
4 11 1 12 -0.08623501204296372
10 13 1 12 0.09058396432298493
3 14 1 12 0.0840540968365043
14 14 1 12 -0.08382006388224565
15 14 1 12 0.09954976698612442
4 17 1 12 -0.11302138840620693
11 18 1 12 -0.0829096151978713
6 19 1 12 0.1058082048166762
8 19 1 12 -0.0868091072659921
6 2 2 12 0.10647545231132811
11 2 2 12 0.08257469522909248
13 2 2 12 0.10364124031696913
3 3 2 12 -0.08509087532110202
11 3 2 12 -0.10912128368996735
7 7 2 12 -0.09506709674743884
6 9 2 12 -0.08494313613219824
3 13 2 12 0.09000585941834449
9 13 2 12 0.0888254056530162
3 14 2 12 -0.09001952836472032
3 19 2 12 0.11008986361405805
10 19 2 12 0.12424518680845877
11 19 2 12 0.09754549928215162
13 19 2 12 0.09011474246089321
7 20 2 12 -0.09103062915852254
12 1 3 12 -0.11549682076000388
7 2 3 12 -0.08478837625862405
5 5 3 12 -0.12376451676154626
14 6 3 12 -0.10569230543030057
4 8 3 12 -0.08217173346009898
8 12 3 12 -0.09660340390329532
2 17 3 12 -0.10482419250111093
3 19 3 12 -0.09142636817304936
6 19 3 12 0.08786866225974359
8 19 3 12 0.08663167044235082
5 20 3 12 0.09690038586102713
5 4 4 12 0.09355107660353995
1 7 4 12 0.10035414499293188
5 14 4 12 -0.08594936350271525
11 15 4 12 0.08744865105976951
4 18 4 12 0.09055717900849027
4 20 4 12 0.08013631640224901
1 1 5 12 -0.11513048719894302
8 1 5 12 -0.08360828585010609
4 5 5 12 -0.08063020339291051
13 10 5 12 -0.1105033703152781
2 11 5 12 0.08533441671224863
2 12 5 12 -0.09278858279114083
11 16 5 12 0.09177944466437836
9 17 5 12 -0.10128201655738923
2 18 5 12 -0.08564698921965422
11 19 5 12 0.08269004992413252
13 19 5 12 -0.08084215431825133
9 20 5 12 0.08987782614587672
13 1 6 12 0.08212465993942734
9 2 6 12 -0.09242211708524362
10 8 6 12 -0.10350363332400672
5 10 6 12 0.08524594219235083
8 11 6 12 0.08172499214672642
1 13 6 12 -0.10295299203820824
9 13 6 12 0.09115096600936404
9 14 6 12 0.08800991219434073
15 18 6 12 -0.08111845062062989
3 19 6 12 -0.08788136239025802
4 19 6 12 0.09176731863990958
5 1 7 12 -0.08497758023581567
5 3 7 12 0.10278955723112952
9 3 7 12 0.13254316871617552
7 7 7 12 0.08790628143172148
7 12 7 12 -0.12246865093552667
8 15 7 12 0.091127803497654
13 16 7 12 0.08921471659073407
3 17 7 12 0.08131182367090081
6 18 7 12 0.0888894873125637
2 19 7 12 0.08071117017153509
8 19 7 12 -0.09046978985326795
10 19 7 12 0.08023072453524682
15 1 8 12 -0.10120212736947068
13 3 8 12 0.14708365100297485
5 5 8 12 0.11727395405754544
11 5 8 12 -0.08360405733471019
8 6 8 12 -0.09502515229545572
4 11 8 12 -0.09519459448282047
2 14 8 12 -0.1286753364099538
14 14 8 12 0.08942338748307889
3 16 8 12 0.08084302037620364
6 18 8 12 0.08135340062240927
9 3 9 12 -0.08488935671193945
7 4 9 12 0.0809883911768608
8 7 9 12 -0.09266875712754737
2 9 9 12 0.09249523344819127
8 16 9 12 -0.08408226333826518
2 19 9 12 -0.09218301073649618
2 1 10 12 0.15311220929895958
15 3 10 12 0.08544942570881997
3 6 10 12 0.09177328186164768
1 9 10 12 -0.08770830651880603
13 9 10 12 -0.08920204411107388
7 10 10 12 0.13413826452627756
2 12 10 12 0.08126593310109705
13 16 10 12 -0.0852295311143457
8 18 10 12 -0.08046707176493981
4 20 10 12 0.08641928091354004
8 6 11 12 0.08136765129813561
8 7 11 12 0.0869950884294258
9 8 11 12 0.09696336121493901
12 10 11 12 -0.08716775909138925
5 13 11 12 0.08472302727645871
14 14 11 12 0.09403795882489635
5 16 11 12 0.0918261037487023
8 19 11 12 0.08259600969277046
11 3 12 12 -0.08380340368314107
14 9 12 12 -0.08198439908657217
10 13 12 12 0.1010617073403173
5 15 12 12 -0.1008563870384465
13 17 12 12 0.08901298138655662
14 18 12 12 0.11882841055663768
2 1 13 12 -0.08893282426608375
6 3 13 12 -0.09743580780897311
3 5 13 12 0.08957618093058531
4 5 13 12 -0.10194370179613033
9 10 13 12 0.11257711419101141
2 14 13 12 -0.08228493759260218
4 14 13 12 -0.08215414669414187
3 15 13 12 -0.08948619779864157
14 15 13 12 0.09543189059138095
8 18 13 12 -0.09883208378312278
1 19 13 12 0.09753193636304959
8 20 13 12 -0.09151119901431072
5 2 14 12 0.08783862754406425
14 2 14 12 -0.084921440012412
8 3 14 12 0.08956584175910628
7 4 14 12 -0.09462319566078287
12 5 14 12 0.13667032701796641
8 6 14 12 0.1040171742980912
12 9 14 12 0.09743441998191493
8 13 14 12 0.09269468833158975
12 13 14 12 0.11431341862001337
11 15 14 12 -0.1621540405350725
12 15 14 12 -0.09936755597331957
9 17 14 12 -0.08026093419874505
4 18 14 12 0.08371172990569624
8 18 14 12 0.08229594993828294
3 2 15 12 -0.0963580386133097
12 8 15 12 -0.11130145137342322
11 13 15 12 0.08235814942716474
13 14 15 12 0.11874737958262524
5 1 16 12 -0.09109375178972536
4 4 16 12 0.09548394765674752
7 4 16 12 -0.10067645888707549
9 4 16 12 0.11904870512063821
2 6 16 12 0.08128971587992327
2 12 16 12 -0.08853659226344161
7 12 16 12 0.08159017082212332
1 14 16 12 0.1181705206113768
7 17 16 12 0.08943856487081268
11 17 16 12 -0.09590393354436286
3 18 16 12 0.08963120487180183
13 18 16 12 -0.08316555947222155
6 20 16 12 -0.08844234187629404
6 1 17 12 -0.10862638873394441
4 2 17 12 -0.08531592471980388
1 3 17 12 0.10381408229703518
2 6 17 12 -0.08010517227262269
3 7 17 12 -0.09160602695438222
10 9 17 12 -0.09442368556821219
12 15 17 12 0.08428836294988727
2 1 18 12 -0.11803596109827823
5 1 18 12 -0.08755742934573275
7 2 18 12 -0.10741453661731068
9 2 18 12 0.08527887007810123
8 6 18 12 -0.11482460041498815
13 8 18 12 0.1009133574869923
1 9 18 12 0.08352113573564189
14 12 18 12 -0.10199784940594857
15 12 18 12 0.09367919446276113
1 13 18 12 0.08540534153737676
11 13 18 12 -0.09070355719836008
4 14 18 12 0.0816514316871449
6 14 18 12 0.09366353429882561
11 15 18 12 0.08373757375944664
10 17 18 12 0.09054633043518544
13 17 18 12 0.08295000867633988
3 18 18 12 -0.08701793648638391
13 18 18 12 -0.08183827966949822
5 20 18 12 -0.0979389367997693
