# i j k value
7 17 45 1.0962817756024945
7 17 46 -0.7433871104623757
7 18 45 0.7205318882385382
7 18 46 -0.1699658244520248
7 37 43 -0.5557739035382232
7 37 44 -1.3498015889141264
7 38 43 -1.041621389027092
7 38 44 0.17286527893453013
7 44 38 -0.49677481788228534
7 44 39 0.7894373569360361
7 45 38 2.4422293255773533
7 45 39 0.8312816374883807
7 46 18 0.526767045551946
7 46 19 0.2903403918800201
7 47 18 -0.07030460636339257
7 47 19 0.11804940361226508
8 17 45 1.3953618140423298
8 17 46 0.16574086379305839
8 18 45 1.5622553485715274
8 18 46 -0.19309120218824105
8 37 43 -1.3514329984042233
8 37 44 0.11272866351881852
8 38 43 1.465188331571295
8 38 44 -0.16994660807983508
8 44 38 0.45657512846834675
8 44 39 1.143212665040421
8 45 38 -1.49068521226108
8 45 39 -1.0709327122608525
8 46 18 -0.05348772308106933
8 46 19 -0.538969186615409
8 47 18 -1.5315334242686345
8 47 19 0.007116921011158174
9 40 40 0.5235946077146246
9 40 41 0.5940430572455463
9 40 42 -0.4837564554823502
9 41 40 1.3012814097193943
9 41 41 -1.668668399463338
9 41 42 1.2294153038786833
9 42 40 -0.0879042257027547
9 42 41 0.9710166498850643
9 42 42 -0.7466685379017175
10 40 40 -0.9968096860051934
10 40 41 -1.1535161438931907
10 40 42 -0.8921278763312344
10 41 40 0.16590539286553077
10 41 41 -0.7911157477301086
10 41 42 0.22901391115294387
10 42 40 -0.5968644081683527
10 42 41 -0.716495259495381
10 42 42 -0.5320702524673707
11 27 40 -1.2526160674762148
11 27 41 2.327812923200684
11 27 42 -1.1543791508318166
11 28 40 -1.5081786686931555
11 28 41 1.0751416441403019
11 28 42 0.16135570086270562
11 35 36 -0.05036249558834447
11 35 37 -1.0099543550956036
11 36 36 0.9086421815209137
11 36 37 0.015155283372639168
11 40 28 0.6201016542310336
11 40 29 0.8711801782191592
11 41 28 -0.4229848118954657
11 41 29 1.0269653316609315
11 42 28 1.030603203024772
11 42 29 1.2243868770949267
12 27 40 -0.05162943429808001
12 27 41 1.0244266968359301
12 27 42 -0.5172577168846924
12 28 40 1.0113174304593777
12 28 41 -0.8466742788279554
12 28 42 -0.7809181258398262
12 35 36 2.0488355384536274
12 35 37 -0.14747939033275698
12 36 36 -0.1907298920303933
12 36 37 -0.6111498952864207
12 40 28 -0.10390643911354988
12 40 29 0.8942404782624941
12 41 28 -0.2913450484253416
12 41 29 -1.1417243984833154
12 42 28 0.15568352154275256
12 42 29 1.3234754054453786
13 33 38 -0.4488042031297813
13 33 39 2.3003086072667243
13 34 38 0.4054233923603675
13 34 39 1.0804046901833666
13 37 34 -0.911648079568489
13 37 35 -0.7429400821731231
13 38 34 -0.02159872726533166
13 38 35 0.7394187105766525
14 33 38 -1.4365102455469538
14 33 39 -2.516876498328313
14 34 38 -1.13823267404094
14 34 39 -0.11785483516261143
14 37 34 -0.2860367466490581
14 37 35 0.24998991439340484
14 38 34 0.8307272917610716
14 38 35 0.015556933064659004
16 19 40 0.4982504910490541
16 19 41 -2.316120339757795
16 19 42 -0.6160064029277795
16 20 40 2.3295274636874734
16 20 41 -0.32527321018028954
16 20 42 0.3729708402045263
16 25 38 0.5796184760264769
16 25 39 0.9694197709905277
16 26 38 0.41443485483684206
16 26 39 -0.8547665873748445
16 37 26 1.3349975752011807
16 37 27 -0.18766623764032436
16 38 26 -0.362746096169147
16 38 27 -0.46178670961287405
16 40 20 -0.4376063715512751
16 40 21 -2.357149596443664
16 41 20 1.1675043471510358
16 41 21 -0.20409746894566877
16 42 20 1.019329278141553
16 42 21 1.5640067647524625
17 19 40 -1.6978098930735877
17 19 41 0.10295154438665027
17 19 42 -0.4419359183595339
17 20 40 -0.14155636679487316
17 20 41 0.2608894767202812
17 20 42 0.9395399910259236
17 25 38 0.39752195747371777
17 25 39 -0.08015163304384082
17 26 38 0.7258740524202951
17 26 39 0.21270257867819198
17 37 26 0.4617376072647743
17 37 27 0.9265462976807473
17 38 26 1.0146804236270772
17 38 27 0.9299216239500154
17 40 20 0.5111341144250267
17 40 21 -0.5547654282998119
17 41 20 0.24205370823738473
17 41 21 -0.21337696135880524
17 42 20 -0.0076640747807069105
17 42 21 -0.32270339372447415
18 6 45 -1.5184016519602286
18 6 46 -0.7623928721616787
18 7 45 0.3267370703855903
18 7 46 -1.434575454370004
18 29 32 1.0172823625648686
18 29 33 -1.15969927010955
18 30 32 -1.151054920130149
18 30 33 0.47093772713332727
18 31 30 -0.007795698950245284
18 31 31 2.586456927872413
18 32 30 1.0266078084749788
18 32 31 0.4983182393792655
18 46 7 0.7082726609584508
18 46 8 -0.5290442674908923
18 47 7 -2.5900991276634078
18 47 8 -0.2675374864403777
19 6 45 1.408973209263495
19 6 46 0.77201599772077
19 7 45 -1.1476417533390897
19 7 46 -1.1058981589474843
19 29 32 -1.3857193817280438
19 29 33 -0.11578047359181816
19 30 32 0.10663142672450038
19 30 33 -0.23693543467765124
19 31 30 -0.6999978751528095
19 31 31 0.15247590918360984
19 32 30 1.102137986211951
19 32 31 1.31406388800764
19 46 7 0.07986551912353539
19 46 8 -2.7794482351284313
19 47 7 -1.299135466366857
19 47 8 -0.5360132621942453
20 15 40 -0.06984539494945467
20 15 41 -0.15630764832492847
20 15 42 -1.1978044052165775
20 16 40 0.34144197262351145
20 16 41 -0.45301142602781175
20 16 42 -1.425003217279607
20 25 34 -1.5474202945306792
20 25 35 0.3192800657839056
20 26 34 0.9769851507307412
20 26 35 1.8119271887906778
20 33 26 -0.46884422612089305
20 33 27 0.78564229068136
20 34 26 -0.7963320377333943
20 34 27 0.257142345663572
20 40 16 0.28494892631791213
20 40 17 -0.125578740479783
20 41 16 1.1020052523984127
20 41 17 -1.2723643231570299
20 42 16 -0.20024907964136196
20 42 17 0.16531130990661153
21 15 40 0.13206063974586232
21 15 41 0.7052435763103666
21 15 42 0.49106531193063957
21 16 40 0.46196825476851755
21 16 41 -1.6318782955788773
21 16 42 -0.13959111946741495
21 25 34 -0.7177593845369528
21 25 35 0.04963190788140974
21 26 34 -0.1269641631562292
21 26 35 -0.03208067627572463
21 33 26 0.24996994187862973
21 33 27 0.04845807867031001
21 34 26 -0.8729265313733278
21 34 27 -1.1025280382407512
21 40 16 0.2864014136968529
21 40 17 -0.00485649795607499
21 41 16 0.7221276841919535
21 41 17 -0.412276008554225
21 42 16 -0.40287829891381755
21 42 17 -0.21101624351882375
22 23 34 0.9109718093789949
22 23 35 -0.653968430314255
22 24 34 0.7055264773196619
22 24 35 -0.026610729878505827
22 33 24 0.2991893022690067
22 33 25 -2.1612987778793453
22 34 24 2.4901240223644967
22 34 25 -1.156582645327128
23 23 34 -0.18723104965801643
23 23 35 -1.4169520212227762
23 24 34 1.5421064134789615
23 24 35 -0.9278582218665572
23 33 24 -0.7183881168503546
23 33 25 -0.20714469741037572
23 34 24 0.17922728447242486
23 34 25 -0.44537274646753255
24 21 34 -0.4967349267083884
24 21 35 -0.9218030750146304
24 22 34 1.2709791217562458
24 22 35 1.345947199285154
24 25 30 0.355184585727824
24 25 31 0.11773770201158952
24 26 30 -0.19266204606045137
24 26 31 -0.05757869343518228
24 29 26 -1.0329333953386723
24 29 27 -1.2994580685981814
24 30 26 -1.4159964059788428
24 30 27 -0.8715261335977763
24 33 22 0.24067148805121302
24 33 23 1.3924549178961418
24 34 22 -0.0847938131127155
24 34 23 -0.597123498914105
25 21 34 -2.285693190633517
25 21 35 0.056282874442117485
25 22 34 0.33071130050423403
25 22 35 -1.717796494838833
25 25 30 -0.7349181779071609
25 25 31 -0.03279849404039889
25 26 30 0.3653571852749055
25 26 31 0.29989392566999706
25 29 26 -0.4657053440263912
25 29 27 -1.9684551185546912
25 30 26 0.022862481645396348
25 30 27 -1.1879777935827616
25 33 22 0.7626929449545443
25 33 23 -0.6811339771144191
25 34 22 1.128755657043866
25 34 23 0.9695404449057744
26 15 38 1.4945455032788095
26 15 39 -0.1583590799063553
26 16 38 -0.0793759603915454
26 16 39 0.8052550203677213
26 19 34 0.9753171775755753
26 19 35 0.18552899444626186
26 20 34 -1.2674211510589641
26 20 35 0.8017133890790991
26 23 30 -0.1310450691431577
26 23 31 -0.39393247735629855
26 24 30 0.8765850745382998
26 24 31 0.08422540006594996
26 29 24 -0.2095372005187749
26 29 25 -1.6921894732880896
26 30 24 -0.6891387945214794
26 30 25 0.7678032403834395
26 33 20 0.29172800065747984
26 33 21 -0.25237429450837207
26 34 20 -1.241499065009357
26 34 21 0.040485556888061144
26 37 16 -0.5723247801733629
26 37 17 1.251468092423684
26 38 16 -0.22670962011860454
26 38 17 -0.10301192814993682
27 15 38 -0.5725573292170628
27 15 39 1.0359013742990761
27 16 38 -1.0875361109889958
27 16 39 -0.08957843574886773
27 19 34 -0.8132943659960484
27 19 35 -0.9859922379413514
27 20 34 1.7314686743615566
27 20 35 -0.8127351162135301
27 23 30 -1.0463199568686483
27 23 31 -2.610756395953023
27 24 30 0.1924274063520639
27 24 31 0.6887618274249138
27 29 24 0.5247229159909903
27 29 25 -0.42661872955562746
27 30 24 -1.9175461312349975
27 30 25 0.13377925811817173
27 33 20 -1.0397108906570256
27 33 21 0.22755038021602214
27 34 20 0.4514636201323359
27 34 21 -1.6085726002056113
27 37 16 0.5844714147541157
27 37 17 0.11738685116526772
27 38 16 0.9631507459165062
27 38 17 -0.6883648410602374
28 11 40 0.004144317906996074
28 11 41 0.9502318516319221
28 11 42 -0.6766121281724214
28 12 40 0.1509523460761343
28 12 41 1.3378353799736074
28 12 42 0.15797158826180718
28 40 12 0.47759678455432136
28 40 13 1.2178514507213392
28 41 12 1.1077046053472324
28 41 13 -0.3348592064162682
28 42 12 -1.0512226174840802
28 42 13 -0.724828920095659
29 11 40 0.41450522566711623
29 11 41 -0.030200772895746346
29 11 42 0.36994921092713123
29 12 40 -0.6686850807573897
29 12 41 -0.2572426219785275
29 12 42 0.7789291892892436
29 40 12 1.482219574422833
29 40 13 0.3896630649962526
29 41 12 0.575622421105795
29 41 13 -1.0998422100871572
29 42 12 0.6822911396204467
29 42 13 1.2457894895307489
30 17 32 0.2345030233425703
30 17 33 0.09933956398470414
30 18 32 1.2398945733229274
30 18 33 0.8672193419258334
30 23 26 -1.1425404890767468
30 23 27 0.13775205484858885
30 24 26 -0.06920826418865085
30 24 27 -0.7243610155051415
30 25 24 -0.15270264463946304
30 25 25 0.917039138983666
30 26 24 0.6757986165873111
30 26 25 0.07215740523763842
30 31 18 -0.16639579161975704
30 31 19 -0.16019050958009232
30 32 18 0.45415146359487935
30 32 19 0.13741166158820398
31 17 32 -2.007307686251449
31 17 33 -0.4488726681978055
31 18 32 -0.4228465747454401
31 18 33 0.3951875295843029
31 23 26 -0.09336988202278726
31 23 27 0.7939388438792605
31 24 26 0.3182904891367525
31 24 27 0.44983737871944346
31 25 24 0.3584722857084053
31 25 25 0.6769597640344072
31 26 24 1.4173130551237538
31 26 25 1.0003218648087042
31 31 18 -1.1351554503586898
31 31 19 -0.17312808490593246
31 32 18 0.833137801847742
31 32 19 1.5932531751110606
32 17 30 -1.3329465017687436
32 17 31 -0.34384318933496133
32 18 30 -0.28892205341918487
32 18 31 1.4428690189096502
32 29 18 -0.38375655282446897
32 29 19 0.19095215901116375
32 30 18 -0.6679443393305783
32 30 19 1.060076755125225
33 17 30 0.34736884674202234
33 17 31 0.2811057378944796
33 18 30 -1.2319967653274142
33 18 31 -0.41670283123954305
33 29 18 -0.4138052484648915
33 29 19 -0.45477161840472946
33 30 18 -1.09311149722235
33 30 19 0.27190832063674536
34 13 38 0.23602373421784886
34 13 39 -1.0936334878690515
34 14 38 1.063289284769815
34 14 39 -0.5922597536791757
34 19 26 0.5399001692422961
34 19 27 0.4501937540364983
34 20 26 0.0361041959466269
34 20 27 0.2719973854665013
34 21 24 -0.033026097903276076
34 21 25 -0.260009634655715
34 22 24 -0.5984362992026228
34 22 25 -1.0154299940313798
34 23 22 -0.5832524957768557
34 23 23 -0.16838273758139513
34 24 22 0.16466414688981126
34 24 23 1.5889817609187042
34 25 20 -0.2488677805955643
34 25 21 -1.5096076055443994
34 26 20 0.6492836895473751
34 26 21 -0.09603295130479982
34 37 14 0.8683439918498957
34 37 15 -1.4558268131188488
34 38 14 -0.8622946960837038
34 38 15 0.7232538997857938
35 13 38 -0.9957157574753092
35 13 39 0.04345130920055657
35 14 38 -0.29309240072143755
35 14 39 -0.7671859554676113
35 19 26 0.6876415929544439
35 19 27 1.1566053732075479
35 20 26 -0.16235119085558197
35 20 27 -0.03188324716372477
35 21 24 -0.15662412826394195
35 21 25 0.35086559500227443
35 22 24 1.8698700590849184
35 22 25 1.4555567430287113
35 23 22 -0.589922019529966
35 23 23 0.18125759837738803
35 24 22 -1.7807629298059646
35 24 23 -0.422176142217487
35 25 20 -0.13066797644028946
35 25 21 0.3017294655586434
35 26 20 -1.6034306874967046
35 26 21 0.32388261971847543
35 37 14 0.6227970780543994
35 37 15 1.6177889220400037
35 38 14 -0.36986705793793495
35 38 15 -0.00514221902313109
36 11 36 -0.41965293630783856
36 11 37 -0.4167074678245292
36 12 36 0.41296501321539936
36 12 37 -0.8457922460077195
36 35 12 1.0658080079700143
36 35 13 -0.408413195673851
36 36 12 -1.1628024843580849
36 36 13 1.4957200268540647
37 11 36 -0.08695552112346605
37 11 37 -0.2461805169749937
37 12 36 0.299590380217753
37 12 37 -1.995292316542297
37 35 12 1.2324685639986404
37 35 13 -0.07266788040287107
37 36 12 0.21098608336787694
37 36 13 1.555520940676106
38 6 43 -0.9059218956976615
38 6 44 0.6185830273615932
38 7 43 -0.9512781089854061
38 7 44 0.9356698136508145
38 13 34 -0.7440305381142973
38 13 35 1.1082142679169578
38 14 34 1.486094348861248
38 14 35 -0.03991082592076263
38 15 26 0.023870045770053586
38 15 27 -1.2129251029661825
38 16 26 0.4087335335881161
38 16 27 1.3459129924631774
38 25 16 0.9239013252404117
38 25 17 -0.26558225756735465
38 26 16 -0.396729736113289
38 26 17 0.21957768169686268
38 33 14 -1.2279997369115945
38 33 15 -1.5489442394146116
38 34 14 -0.8280400647441868
38 34 15 0.3041837971239389
38 44 7 0.39343270105401273
38 44 8 0.43076836907037896
38 45 7 1.0089363953427009
38 45 8 1.1062304396386438
39 6 43 1.0739023435072501
39 6 44 -2.267355604898815
39 7 43 -1.1217807549143186
39 7 44 0.644115089268221
39 13 34 -0.6838493465184452
39 13 35 -0.18471161485096116
39 14 34 0.19901620126754743
39 14 35 0.5391516491901599
39 15 26 -0.24321720861110582
39 15 27 0.7414402103750972
39 16 26 1.2212919374419227
39 16 27 2.045566281895456
39 25 16 0.9587526012428716
39 25 17 0.6122691366301442
39 26 16 -2.0337173576936274
39 26 17 -1.1655834709141455
39 33 14 0.9156766444181088
39 33 15 0.7147027996136126
39 34 14 -1.2836316725346724
39 34 15 0.5988925310998474
39 44 7 0.14218471320180126
39 44 8 1.0435329078271487
39 45 7 -0.4704277484848591
39 45 8 2.4788481706156555
40 8 40 -0.05381584531243952
40 8 41 -0.16184513523480348
40 8 42 1.6824271461323672
40 9 40 -1.4868500318514917
40 9 41 0.7630027691202829
40 9 42 0.5233853815135598
40 11 28 0.5333820366038762
40 11 29 -1.0934303397493828
40 12 28 -1.1435895534375542
40 12 29 0.5512089188927671
40 15 20 2.039600360307101
40 15 21 1.5090271713890495
40 16 20 -2.174178066966657
40 16 21 -1.2462097942494834
40 19 16 0.41505466965966664
40 19 17 -0.5759488210843025
40 20 16 -1.0076182293241642
40 20 17 -1.2835541796321273
40 27 12 -0.72628090781573
40 27 13 -0.4016515835654667
40 28 12 -1.0160814506141833
40 28 13 -0.3575209390651698
40 40 10 -1.2496469282086504
40 40 11 0.4921584655269029
40 41 10 -0.16520672006763673
40 41 11 -0.711297246402842
40 42 10 -1.5798103424311927
40 42 11 -0.3316648790686541
41 8 40 0.16962165547335353
41 8 41 -0.2880582031471828
41 8 42 0.431025314964127
41 9 40 -0.43450486635928387
41 9 41 0.4475620687119004
41 9 42 -0.1805806488195335
41 11 28 0.022810426168918256
41 11 29 1.115513769629636
41 12 28 0.5812667177040165
41 12 29 1.0222289291396074
41 15 20 0.9860939629257481
41 15 21 -0.05544073719896148
41 16 20 1.2972227026747656
41 16 21 -0.4273571990595346
41 19 16 1.1132289458546072
41 19 17 -1.2593551302852402
41 20 16 0.4887944919870794
41 20 17 1.8189833376325444
41 27 12 -0.049210935468106544
41 27 13 0.12627243664022544
41 28 12 -2.12874953401366
41 28 13 -0.44599196045436446
41 40 10 -1.2531518095758496
41 40 11 -1.1918044923701445
41 41 10 -0.24403885427428315
41 41 11 -0.35703191433072995
41 42 10 -0.8765163780791069
41 42 11 -0.8130084879264265
42 8 40 -0.5699731099038058
42 8 41 0.6827188226910412
42 8 42 0.6006609107760127
42 9 40 -0.7362316894438197
42 9 41 0.06465042644682588
42 9 42 0.7242258850173133
42 11 28 0.6636994207249699
42 11 29 -0.3604368770287597
42 12 28 -0.7840940649525595
42 12 29 0.19924613638226718
42 15 20 -0.4136252278611125
42 15 21 -0.693827204606482
42 16 20 0.22999526055553235
42 16 21 -0.6302431731543837
42 19 16 -1.2323616302705709
42 19 17 -1.5787502372709101
42 20 16 -0.04896137619511771
42 20 17 1.1423028422152894
42 27 12 0.7654326774351494
42 27 13 2.6509989753314938
42 28 12 1.2848547057133657
42 28 13 -0.30284825979721625
42 40 10 0.0754666698736165
42 40 11 1.265889616822779
42 41 10 0.07976070491559732
42 41 11 -0.31628633178808685
42 42 10 -0.5347911762891833
42 42 11 0.3230027140132497
43 6 38 -0.45117876549663427
43 6 39 -1.1238974796289873
43 7 38 0.18187290883621307
43 7 39 1.85630029470536
43 37 7 0.7980630397050299
43 37 8 0.1119752234092826
43 38 7 -0.2729649543422041
43 38 8 -0.8576776828687153
44 6 38 1.2102115574089054
44 6 39 -0.728762861623943
44 7 38 -0.8167871157144588
44 7 39 0.6826185464860701
44 37 7 -0.715878373252648
44 37 8 -2.660924834773454
44 38 7 1.2824049763126728
44 38 8 -0.03588286466979905
45 6 18 1.0128470005043841
45 6 19 -0.07847409509167146
45 7 18 0.09970417712277291
45 7 19 -0.26734277422109204
45 17 7 -0.03361055149958568
45 17 8 -1.245953637759733
45 18 7 -0.6364912156211084
45 18 8 -0.7915993088152942
46 6 18 -0.05264636143536719
46 6 19 0.3737007759786003
46 7 18 0.023500031696561053
46 7 19 -0.3569768191142797
46 17 7 -0.8983457013553133
46 17 8 0.30313025237788527
46 18 7 -2.4167898587211973
46 18 8 0.24220777354637799
