# i j k value
1 1 42 -0.8540550485842645
1 1 43 -1.2851350281617235
1 2 42 1.6508817493657129
1 2 43 0.22388366435512358
1 3 42 0.1120061377400154
1 3 43 1.1447249090785492
1 4 41 0.5905203241311745
1 4 42 -0.37593288873602254
1 4 43 -0.46315788133927904
1 5 41 2.6043440141209935
1 5 42 -0.4551979619126981
1 6 41 0.3790319949009375
1 6 42 0.2198137738285687
1 7 40 -1.9050573371238624
1 7 41 0.8541019963284715
1 8 39 -0.9329734522376686
1 8 40 0.1163583414545816
1 8 41 -0.8671695891404743
1 9 39 0.9804626252557447
1 9 40 -0.965529301628062
1 10 38 -0.847120629023692
1 10 39 1.3906972880203656
1 11 37 1.6312291695345158
1 11 38 1.4173166237208568
1 12 35 0.09013662782094067
1 12 36 1.169451171316852
1 12 37 0.050442558118434164
1 13 34 0.5915465570892218
1 13 35 -0.08424989548394875
1 13 36 -1.173352265697906
1 14 32 -1.3944824607305821
1 14 33 -0.6547026182323272
1 14 34 -0.6791541500079711
1 15 31 0.03821487723052599
1 15 32 -2.058848935007853
1 15 33 -0.5806455109384863
1 16 29 -2.1039120835267195
1 16 30 0.4205463748542973
1 16 31 0.9319208042667438
1 17 26 0.6996542798091108
1 17 27 -0.934604776495019
1 17 28 -1.960813713540381
1 17 29 0.7219902350645581
1 18 23 -2.310498220670387
1 18 24 -0.12996094998511334
1 18 25 -0.02028513626046858
1 18 26 -1.4553910462390516
1 19 20 -0.1816288968355703
1 19 21 0.16537684346850653
1 19 22 -1.2351205984993114
1 19 23 -0.6280651573840353
1 20 15 0.37665403676536663
1 20 16 1.2041303389321167
1 20 17 -1.4071480182221516
1 20 18 0.34230747201522665
1 20 19 -0.29554645867043183
1 20 20 -0.9063443504432822
1 21 7 0.14817125914677545
1 21 8 0.4901744979802037
1 21 9 0.4279851764326333
1 21 10 -0.8901265931712062
1 21 11 -1.3410633487655148
1 21 12 -0.18605017733998075
1 21 13 -0.11098186527791105
1 21 14 -2.8174552656354055
1 21 15 1.6492927288555062
1 22 1 1.8754378633622368
1 22 2 0.4760228875435659
1 22 3 0.8204204221023047
1 22 4 -0.35532440357282535
1 22 5 -1.0037461398577636
1 22 6 -0.7550435945636809
1 22 7 1.5310187972273888
1 22 8 0.6266643651819548
2 1 42 1.7646608614966217
2 1 43 0.8287103924029472
2 2 42 0.7345078367147914
2 2 43 -0.5881606707846706
2 3 42 -0.5255914624776705
2 3 43 -0.006777520008012242
2 4 41 0.21152805217758908
2 4 42 0.3944866916492372
2 4 43 -0.5165372449896307
2 5 41 0.38274153950435236
2 5 42 -0.9079992151950338
2 6 41 -1.6548368040784667
2 6 42 -1.0131011827029228
2 7 40 -0.6404746657569473
2 7 41 -0.2502829417349974
2 8 39 1.187352004203589
2 8 40 -0.12317299971472985
2 8 41 -0.47403507937248907
2 9 39 -0.06882203104712116
2 9 40 -0.7620366906807987
2 10 38 0.5009494789095131
2 10 39 -0.6719823616954214
2 11 37 0.9348788989881306
2 11 38 -1.0980864844710212
2 12 35 0.6103038522610699
2 12 36 -0.19661988682970238
2 12 37 0.219572891838089
2 13 34 -0.6507404888390775
2 13 35 -0.9724390464256003
2 13 36 -1.6199249820308705
2 14 32 -0.3693189627801477
2 14 33 -0.03176209911924203
2 14 34 -1.0934373082508928
2 15 31 1.0050285028037695
2 15 32 0.4928283615804346
2 15 33 0.31218341727602217
2 16 29 2.079739437018759
2 16 30 0.44351161039235054
2 16 31 -0.7022665989327613
2 17 26 0.3033014692754181
2 17 27 0.7962455116072786
2 17 28 0.2753330441210435
2 17 29 -0.839504851629614
2 18 23 -0.6726094523772757
2 18 24 0.9447427983952338
2 18 25 -0.07652814112790904
2 18 26 -1.6349815756737553
2 19 20 0.4308706616463887
2 19 21 1.0769777214946579
2 19 22 0.3398214821514708
2 19 23 0.9340451404765461
2 20 15 0.5066044495422518
2 20 16 1.4625745793520235
2 20 17 0.42826126492897454
2 20 18 1.5190209056129422
2 20 19 0.02259860143097468
2 20 20 0.199551522000686
2 21 7 1.101123655537557
2 21 8 0.25589205470643445
2 21 9 -0.31485401637130683
2 21 10 -0.7434158476130875
2 21 11 -1.2919265381739284
2 21 12 1.5230673195109095
2 21 13 -0.08539272939328035
2 21 14 1.0040372838062976
2 21 15 -0.07189422431240995
2 22 1 0.05194557054422663
2 22 2 -1.1616482273029665
2 22 3 -0.5380595233574186
2 22 4 -0.15784448817667435
2 22 5 -0.22437083403426047
2 22 6 -1.1571010413293963
2 22 7 1.017469868108293
2 22 8 -0.02572313167548453
3 1 42 0.20182710643707247
3 1 43 0.594172826027198
3 2 42 -0.21016745829772476
3 2 43 0.5437258040967636
3 3 42 -0.9300712249932839
3 3 43 -0.697427460176515
3 4 41 1.5315054470147929
3 4 42 -0.43226725436879854
3 4 43 0.0488350658292769
3 5 41 0.6865681638813514
3 5 42 -1.1563378214772997
3 6 41 1.2284238343103837
3 6 42 -0.8943748817148147
3 7 40 0.5359066768137898
3 7 41 -1.1049682816403863
3 8 39 0.08241635631584232
3 8 40 0.5779955973538332
3 8 41 -0.6470332273641618
3 9 38 1.2410546443044381
3 9 39 -0.3588623420362279
3 9 40 -1.6088672872256875
3 10 38 -1.309888291177784
3 10 39 -0.3537565761179628
3 11 36 -0.4007304554660208
3 11 37 0.633648718260113
3 11 38 -0.4026864204450445
3 12 35 -2.2204891286919666
3 12 36 0.1468850594021487
3 12 37 -0.45343153199135705
3 13 34 -1.8779077994321993
3 13 35 -0.8499598466887553
3 13 36 0.05188532606164121
3 14 32 -0.14944048628248863
3 14 33 -0.8643011904427298
3 14 34 0.5274441291984256
3 15 30 -0.015729857719457147
3 15 31 -1.6105611737183352
3 15 32 0.5898018067029087
3 15 33 -0.7028383172910455
3 16 28 -0.04894609078288602
3 16 29 -0.5288035795381679
3 16 30 -1.6912558540966627
3 16 31 2.0383062665179534
3 17 26 -1.7564450049922724
3 17 27 0.3252853759146505
3 17 28 0.44872872907874506
3 17 29 -2.2394467071842294
3 18 23 0.7602931941952957
3 18 24 2.6852416325561843
3 18 25 1.6828140105759926
3 18 26 -0.11123027114428355
3 19 20 -0.4925700611718892
3 19 21 -0.10130841847501262
3 19 22 1.2000730298415865
3 19 23 0.5303287179940891
3 20 15 0.034020483234471065
3 20 16 -1.2710678258510026
3 20 17 1.3109257059322261
3 20 18 -0.8548266101282465
3 20 19 -1.1133900860826957
3 20 20 -0.9601679206878918
3 21 6 1.2340036214724464
3 21 7 0.7241138818047784
3 21 8 -0.03504118028014276
3 21 9 0.84127830068965
3 21 10 0.258976937680328
3 21 11 -1.1983770843013994
3 21 12 -0.5822966969572276
3 21 13 0.9883160759903176
3 21 14 -0.29631463058852925
3 21 15 -0.7881174233177202
3 22 1 -0.5294258894991246
3 22 2 0.03417554789000109
3 22 3 -0.7678051136523072
3 22 4 -0.2229001546992992
3 22 5 -0.5894048612549881
3 22 6 0.24670436928179784
3 22 7 1.9359702809892123
3 22 8 -1.2781043433319683
4 1 42 0.08637006608535433
4 1 43 2.554088507311404
4 2 42 0.978752038229572
4 2 43 -0.03303590293534314
4 3 41 -0.7057746034104104
4 3 42 -0.8488082015800185
4 3 43 -0.8695133682855195
4 4 41 -0.6418186164600163
4 4 42 0.8411278782641289
4 4 43 -0.6339832897739722
4 5 41 -1.1171681140018999
4 5 42 -1.5511815924289414
4 6 40 -0.3426049450473909
4 6 41 0.31961151658994136
4 6 42 -0.7535346650270563
4 7 40 0.34036302217708264
4 7 41 0.8339393757787863
4 8 39 0.9977594122703627
4 8 40 -0.44004926091153634
4 8 41 -0.008038229468945142
4 9 38 -0.45489536786636625
4 9 39 0.7863744848462958
4 9 40 0.6219651258922755
4 10 37 0.2102135679339002
4 10 38 -0.11236721538061692
4 10 39 0.25092487939497377
4 11 36 -0.7874948872362847
4 11 37 -0.4096243064054563
4 11 38 -2.0230806194652926
4 12 35 -1.3165280741244048
4 12 36 -0.6356472828587888
4 12 37 1.3310822390929384
4 13 34 -1.1199428960667595
4 13 35 -0.47893884097018163
4 14 32 0.6702741704616197
4 14 33 -0.003080946707033708
4 14 34 0.5052772466336113
4 15 30 1.5259234044806604
4 15 31 0.09414982535712704
4 15 32 2.4129072552830246
4 16 28 -0.8352317764254827
4 16 29 -0.9372600191177426
4 16 30 -1.162479327674638
4 16 31 -0.7546753568583722
4 17 26 0.6707653134399273
4 17 27 -0.7561979117663964
4 17 28 -0.7737416390109557
4 18 23 -0.6180173835241819
4 18 24 -0.48899544567561504
4 18 25 0.7976742483610928
4 18 26 -0.3216301797130008
4 19 19 0.6114973013452414
4 19 20 -0.4535926047684968
4 19 21 0.27865178476448993
4 19 22 0.06838836588445718
4 19 23 0.055657421319251776
4 20 14 0.5632751093120849
4 20 15 0.767003619204596
4 20 16 0.8502868973712626
4 20 17 -1.857890171417772
4 20 18 0.8424957042743563
4 20 19 -1.1595255484024412
4 21 4 0.7120736416715873
4 21 5 -1.6434614008530573
4 21 6 -0.054034159034371046
4 21 7 -0.4378315603409012
4 21 8 1.8600973274458001
4 21 9 0.539197741459172
4 21 10 0.7585093240565062
4 21 11 0.7485844547729205
4 21 12 -1.064014921826907
4 21 13 0.11562474617788313
4 21 14 0.537098623835381
4 21 15 -1.3832280257327838
4 22 1 1.3113314026920753
4 22 2 -0.32805745047609153
4 22 3 -0.7829248613200805
4 22 4 1.5107212783176585
4 22 5 -2.4260360122701905
4 22 6 -0.2522121635784533
4 22 7 -0.34436979195538925
5 1 41 -1.6852020300104027
5 1 42 0.4725142285988268
5 1 43 1.1814815796843057
5 2 41 0.28089515232092716
5 2 42 -1.206365853340405
5 2 43 -0.08680626131111153
5 3 41 2.6979733827694075
5 3 42 0.3181854556051427
5 3 43 0.07304293762475454
5 4 41 0.07193149178218387
5 4 42 -1.2278321326604236
5 5 41 -0.37588766413693386
5 5 42 1.502297962064098
5 6 40 0.17849234205432415
5 6 41 -0.496676387607014
5 6 42 -0.5631839111549135
5 7 40 0.10055765460684801
5 7 41 -0.15153613260383197
5 8 39 1.44973881344331
5 8 40 -0.1965747210921836
5 9 38 -0.6516238947479337
5 9 39 0.7421776393911714
5 9 40 0.37475536394078546
5 10 37 0.636219610808535
5 10 38 -0.6082772157613305
5 10 39 -0.14475099046028128
5 11 36 -0.13064595474534127
5 11 37 1.4102984788546271
5 11 38 -0.22189724070215613
5 12 35 -0.048603382817827785
5 12 36 0.00031580857143728236
5 12 37 0.34035551747947296
5 13 33 0.8610677802266414
5 13 34 -0.09848505589066699
5 13 35 -0.45300485894513737
5 14 32 0.06256118121042346
5 14 33 -0.16872439040377277
5 14 34 0.5066309308979854
5 15 30 0.20352332765379397
5 15 31 -1.9408007997511276
5 15 32 -0.648448643625649
5 16 28 0.6661018291252521
5 16 29 0.25537906564666274
5 16 30 0.3621811670539961
5 17 25 -0.4768983125473528
5 17 26 0.46789657848851623
5 17 27 1.22659302902224
5 17 28 0.21220171223553835
5 18 22 -1.6627950796773436
5 18 23 -0.7752200757595701
5 18 24 1.6515346890397844
5 18 25 -0.09935745379004836
5 18 26 0.3540463732898943
5 19 19 -0.659649530472097
5 19 20 -0.7478053726280042
5 19 21 1.0295128991124718
5 19 22 -0.7745008690816534
5 19 23 -0.8900252727224982
5 20 14 0.3644910787476897
5 20 15 2.3373370395456043
5 20 16 -0.4090017522186542
5 20 17 1.2555897443480233
5 20 18 -1.5404866992170039
5 20 19 -0.20684701217274568
5 21 1 -1.5447168165643805
5 21 2 -1.5470968882909804
5 21 3 0.22637043407705507
5 21 4 0.775314732994762
5 21 5 1.864382383952049
5 21 6 0.6045610222071949
5 21 7 1.2614735861421615
5 21 8 -2.4206999589722114
5 21 9 -0.11589652630902973
5 21 10 -0.5556563627503067
5 21 11 1.1230307606041467
5 21 12 -1.9299867670166904
5 21 13 0.6146104085288091
5 21 14 -1.0569651602719248
5 22 1 -0.8009611228712317
5 22 2 0.23723298170966306
5 22 3 1.02314665398835
5 22 4 -0.9021403623070136
5 22 5 -0.24474380756809766
6 1 41 -1.2499702942159214
6 1 42 -1.2525311390202194
6 2 41 0.13707477291184225
6 2 42 -0.7762401875204168
6 3 41 -0.006040152953243392
6 3 42 0.6576868122053455
6 4 41 1.1083489360706216
6 4 42 0.20903039506035187
6 5 40 0.14767106559174986
6 5 41 1.4504899869898655
6 5 42 0.18683748547123039
6 6 40 -1.4089434740196303
6 6 41 -0.4253612962672033
6 7 39 0.21781053541033052
6 7 40 -0.21477358574017386
6 7 41 2.2572819210982695
6 8 39 0.3468824733664801
6 8 40 1.08798208285915
6 9 38 -1.657989951376259
6 9 39 0.12894179123602773
6 10 37 -0.39394638172379765
6 10 38 0.3442473950517437
6 11 36 -0.8394677039081213
6 11 37 0.29906917236418623
6 12 34 -0.15466269541183353
6 12 35 0.2772032067156168
6 12 36 0.45171773175695795
6 13 33 -1.151744969888195
6 13 34 -0.04490759218086196
6 13 35 -0.5342567963429894
6 14 31 0.4225529779002423
6 14 32 -0.6540850193432658
6 14 33 -0.2918196551383895
6 15 30 0.2766393407040614
6 15 31 0.24625237832433006
6 15 32 -1.2879703972016636
6 16 27 0.7674068568158837
6 16 28 -0.48420158696840015
6 16 29 -0.848860952674018
6 16 30 -0.5327874712883137
6 17 25 0.30419697288363845
6 17 26 -2.027266293353682
6 17 27 1.2428908585447591
6 17 28 -0.7243606780388221
6 18 22 0.7950917355070409
6 18 23 -1.003633773015494
6 18 24 -1.7214226195787325
6 18 25 -0.2780869182844256
6 19 18 -0.12054139350042899
6 19 19 0.2674333999543888
6 19 20 -1.1874460581027044
6 19 21 -1.8520979602999028
6 19 22 -0.2059288847412353
6 20 13 -0.5372270050548247
6 20 14 1.5793580103837166
6 20 15 0.9420371757716766
6 20 16 -0.2049248537899962
6 20 17 0.6696876468854264
6 20 18 -0.7099479321007182
6 21 1 -0.051181072368209415
6 21 2 0.07558022481351932
6 21 3 0.4441565820824859
6 21 4 -1.6590979200250653
6 21 5 -0.6685672190497143
6 21 6 -2.1803737271558923
6 21 7 0.3759089129255123
6 21 8 -0.4139280946566037
6 21 9 -1.133955638477988
6 21 10 0.7915866192082136
6 21 11 -0.7341819772920739
6 21 12 0.8979390818409707
6 21 13 1.5838822218046023
7 1 41 0.6893347667083384
7 1 42 1.3263910322865773
7 2 41 0.28350303893995343
7 2 42 -2.029489356794831
7 3 41 0.48627310544254776
7 3 42 -0.9085382007097196
7 4 40 0.44931724894816877
7 4 41 0.0023995487296284363
7 4 42 1.0701282628354314
7 5 40 0.35779204567088413
7 5 41 0.27193823449978066
7 6 39 -0.28564644100839914
7 6 40 -0.7313896494612308
7 6 41 0.6470296482856517
7 7 39 -1.4566318879665503
7 7 40 -1.4504886098164238
7 8 38 -1.245008484576808
7 8 39 0.6260549615717358
7 8 40 -0.8275849863272717
7 9 37 -0.02785060912411883
7 9 38 0.8316707535567263
7 9 39 -0.35058496708996684
7 10 36 -0.11921243711185017
7 10 37 -0.4657221265314153
7 10 38 -0.5246391075660382
7 11 35 1.2577785865763949
7 11 36 -0.03733387244679385
7 11 37 0.6257555101330123
7 12 34 1.495972798212787
7 12 35 -1.1560210191178135
7 12 36 0.32677203404854754
7 13 33 -1.4435530205425093
7 13 34 -2.225263232868938
7 14 31 -0.35994672466706007
7 14 32 -0.13044463305775386
7 14 33 -1.0297534286853134
7 15 29 0.07991525721024823
7 15 30 -0.531760474701239
7 15 31 0.48609327323883417
7 16 27 0.7026483242877498
7 16 28 0.02717771742929249
7 16 29 0.5978337293260837
7 17 24 -0.2170528891789283
7 17 25 -1.2573874888025849
7 17 26 0.11919253001971719
7 17 27 -1.3543412714827194
7 18 21 0.16340600215035947
7 18 22 1.5933801467917346
7 18 23 0.1671623216337785
7 18 24 0.8517790125489438
7 19 17 -0.8413445057613949
7 19 18 -0.8194753782497951
7 19 19 0.2534353474571218
7 19 20 0.7295104784967295
7 19 21 -0.3155471763253697
7 20 11 -0.770602451563553
7 20 12 1.432710206537917
7 20 13 -1.1375531352631512
7 20 14 3.852435603524033
7 20 15 -1.7125667812820071
7 20 16 -0.21825577704511667
7 20 17 1.6447593190072558
7 21 1 0.7284963921874681
7 21 2 -1.3167204265190098
7 21 3 0.04171843366469497
7 21 4 -0.1901975299430259
7 21 5 1.6540816766156972
7 21 6 -1.0910397991664222
7 21 7 0.33410020094959303
7 21 8 0.9904896546087788
7 21 9 1.8957117428233001
7 21 10 1.3351298092284833
7 21 11 1.4900450250734378
7 21 12 1.1671196643518378
8 1 40 1.537797725177951
8 1 41 -1.4889467703607324
8 1 42 0.7384742199522262
8 2 40 -0.5857938388572457
8 2 41 -0.945167528126422
8 2 42 1.3571310473479044
8 3 40 -0.3909761396749164
8 3 41 0.385284267536325
8 3 42 0.32188393553963013
8 4 40 -0.13945322879735012
8 4 41 0.03860071103140966
8 5 39 0.30760660149562463
8 5 40 0.3624359476199152
8 5 41 0.4876821402615046
8 6 39 -1.4894444419189525
8 6 40 0.005415247574805547
8 7 38 1.2742514496543051
8 7 39 -0.27862540853493867
8 7 40 0.04424741797645523
8 8 38 -1.613881870656736
8 8 39 2.1678721203023645
8 9 37 0.1642056599989562
8 9 38 0.09090987450437561
8 10 36 -0.40354956227750527
8 10 37 1.0797578070477305
8 10 38 -1.8504985973654564
8 11 35 0.132534038356019
8 11 36 0.9095563883322236
8 11 37 0.780762389264985
8 12 33 -0.7008209038137381
8 12 34 0.7789617866451721
8 12 35 1.9890123418530326
8 13 32 -1.3651041491633613
8 13 33 -1.5342077467305466
8 13 34 -1.20330962456764
8 14 30 0.7400314692223376
8 14 31 -0.5599736905412482
8 14 32 -0.3883058445994562
8 15 28 1.0159308876957862
8 15 29 1.0993960604234823
8 15 30 -0.8905336422180785
8 15 31 0.787354775245945
8 16 26 -1.0929844921880825
8 16 27 0.2276122367256603
8 16 28 -0.1056302771724136
8 16 29 -1.8431352811424904
8 17 23 -0.5528769717785793
8 17 24 0.9597226048662394
8 17 25 0.7439298681634949
8 17 26 -0.0631550004300837
8 18 20 2.221641330353355
8 18 21 1.5315087577611426
8 18 22 -0.4879125407671038
8 18 23 0.09091115127128103
8 18 24 -0.6775674984458113
8 19 16 1.070615706924779
8 19 17 0.464252797301099
8 19 18 0.783432681269829
8 19 19 -1.7156071782387479
8 19 20 -0.5436137248593277
8 19 21 2.2728349479558196
8 20 9 0.5873269915703546
8 20 10 -0.41627185793536137
8 20 11 0.4068202073891505
8 20 12 0.4452739496578745
8 20 13 -0.5327950930229236
8 20 14 -0.3780632764028953
8 20 15 -1.2918690502553563
8 20 16 0.6547651209767736
8 21 1 1.0880866637211395
8 21 2 -1.9304757995507835
8 21 3 -0.6224949815186696
8 21 4 0.04687208676711783
8 21 5 -0.6174349900089059
8 21 6 1.665825115522266
8 21 7 -0.7074925071894227
8 21 8 -2.5116829040819573
8 21 9 0.6737328331290324
8 21 10 0.0749611775967003
9 1 40 0.25735984147098606
9 1 41 0.33103645363653883
9 2 40 -0.6729250346982504
9 2 41 1.8838862366755496
9 3 40 0.7817116858871584
9 3 41 1.1645044791056671
9 4 39 1.8021462633603524
9 4 40 -0.9059121648317198
9 4 41 -0.7458663514290597
9 5 39 -0.39962174562360436
9 5 40 -0.9645216178300777
9 6 38 -0.6827790378110565
9 6 39 -0.8168308130116261
9 6 40 0.057828704539504026
9 7 38 -1.2630963340385806
9 7 39 0.3088969550023203
9 8 37 -0.9677264467549561
9 8 38 1.2365232733795024
9 8 39 0.08915940951485735
9 9 36 0.20043181298641527
9 9 37 1.3932530908698373
9 9 38 -1.129291139977788
9 10 35 -0.38727609448366274
9 10 36 1.8025211986651282
9 10 37 0.3149110860042356
9 11 34 -0.32595876060008677
9 11 35 -1.7540427265312382
9 11 36 -1.2042744858698633
9 12 33 -0.520832364003026
9 12 34 -0.1510952756577072
9 12 35 0.3687287213907314
9 13 31 -0.6344109104399144
9 13 32 0.8187441057631667
9 13 33 -0.7451233523121813
9 14 30 -1.6966453018626844
9 14 31 -0.4668522718434828
9 14 32 -0.4060913237226583
9 15 28 -0.013544455962871465
9 15 29 -0.7442150977261334
9 15 30 -0.38288888671147936
9 16 25 -0.024249601608349013
9 16 26 0.25711110634961054
9 16 27 1.0968160701217402
9 16 28 0.014232914131932652
9 17 23 0.7460845380520998
9 17 24 0.21879451137778824
9 17 25 -0.85900256695515
9 17 26 0.9605615255319987
9 18 19 -0.16115283335117486
9 18 20 -0.11904880056392077
9 18 21 0.001050277278669055
9 18 22 1.0936288421490208
9 18 23 0.6374956946859975
9 19 15 -0.99572931235142
9 19 16 1.4581007427035666
9 19 17 -3.1026840111460388
9 19 18 0.6558498003906291
9 19 19 1.1391369836385434
9 19 20 -0.04734897982224299
9 20 6 -0.9278108047034713
9 20 7 -1.973403805748519
9 20 8 -0.20269938896662468
9 20 9 0.4488041630157331
9 20 10 0.46403078006540455
9 20 11 1.6005304220037913
9 20 12 1.423236266059459
9 20 13 0.25645476794444005
9 20 14 -0.3183305814268662
9 20 15 0.27471935614013704
9 21 1 0.7995794249340713
9 21 2 1.5865065360751631
9 21 3 0.7382908590406917
9 21 4 0.8500109109072681
9 21 5 0.8816171011510461
9 21 6 -0.41760495823062854
9 21 7 1.488618073807889
9 21 8 0.614961553629684
10 1 39 -0.04039407089641161
10 1 40 -1.4742945327678736
10 1 41 1.4864731947894265
10 2 39 -1.6137254762945605
10 2 40 -0.4486428637341221
10 2 41 -0.727067144624754
10 3 39 -0.5242353874067035
10 3 40 0.2961026758165723
10 3 41 -0.4182121364464751
10 4 39 -1.9464340239284885
10 4 40 -1.861627703629363
10 5 38 -1.760420967409872
10 5 39 0.9258298982223919
10 5 40 1.9501267273800225
10 6 38 -0.8640095499885054
10 6 39 -0.10676618407069954
10 7 37 2.160854345027268
10 7 38 0.23206210394625312
10 7 39 0.6255858064485973
10 8 37 -0.2966275795331087
10 8 38 -1.8371336807663754
10 9 36 -1.515521554680984
10 9 37 1.0247150202413322
10 10 35 0.5748390535307479
10 10 36 -2.881190739800676
10 11 34 0.3875740092299962
10 11 35 -1.16205132763654
10 12 32 0.9365812080600252
10 12 33 0.23621952209978975
10 12 34 -1.4278716081629417
10 13 31 -1.721272632268937
10 13 32 0.3480236250260641
10 13 33 0.03549155744303649
10 14 29 -1.0258434493065236
10 14 30 -1.6521560809936768
10 14 31 -1.3933175809161729
10 15 27 -1.2546797708235213
10 15 28 -1.0390209155553891
10 15 29 0.905312971949387
10 16 24 -0.8023677765937433
10 16 25 -1.6057375955345166
10 16 26 0.02587382428039567
10 16 27 -0.7507821337240417
10 17 22 -0.04233503085411461
10 17 23 1.6388939736756647
10 17 24 1.1159831521806551
10 17 25 -1.6338753702278674
10 18 18 -1.8519492978455754
10 18 19 -0.26910958515986516
10 18 20 1.3240612217635812
10 18 21 -0.13758694028124563
10 18 22 0.1068850881015707
10 19 13 -0.8043217889409602
10 19 14 -1.5361719812827805
10 19 15 0.8598270476533947
10 19 16 0.7190557155432158
10 19 17 -0.046130512136375965
10 19 18 1.607150755922485
10 20 1 -1.6265167679236006
10 20 2 -0.14463050927089272
10 20 3 1.1613862225937521
10 20 4 -0.5284899741765059
10 20 5 0.07066525213739372
10 20 6 -1.4982529742817885
10 20 7 -0.9933476623922497
10 20 8 1.3991218622493768
10 20 9 1.2319120989507604
10 20 10 -1.0482583862059671
10 20 11 -0.4567478296743834
10 20 12 1.4930903958015926
10 20 13 -0.6721636889264686
10 20 14 -0.5077375200163535
10 21 1 1.5723883129176384
10 21 2 -1.5540828277570604
10 21 3 0.7784262137880388
10 21 4 -0.6691698538850536
10 21 5 1.1560879367824108
11 1 39 1.23516741880869
11 1 40 1.677447637692595
11 2 39 1.4642582734855716
11 2 40 0.14063303218508555
11 3 38 -0.24946696724430456
11 3 39 0.6163091617449602
11 3 40 -0.23345176291908168
11 4 38 -0.5105625221757926
11 4 39 0.7133209538958017
11 4 40 0.8478342165437261
11 5 38 0.5432533972561613
11 5 39 0.7804747442863542
11 6 37 1.8344042062935808
11 6 38 -0.4208142525259627
11 6 39 0.023131376306215687
11 7 37 0.61886412334846
11 7 38 0.04687871297341174
11 8 36 0.24863421394008517
11 8 37 0.8112185797098468
11 8 38 -1.3629453765830037
11 9 35 0.08461417626499998
11 9 36 0.06480485971611848
11 9 37 -0.664026552135886
11 10 34 2.4563671071436453
11 10 35 -0.3647504305002821
11 10 36 0.34588074783352923
11 11 33 -0.8371146854012163
11 11 34 0.5824881958357938
11 11 35 -0.7116865564080392
11 12 31 1.422931212649374
11 12 32 0.4165557650385407
11 12 33 1.3029278644377196
11 13 30 -0.41751808553287456
11 13 31 -1.5446153107515639
11 13 32 -0.8175555034077204
11 14 28 1.2892181801412506
11 14 29 -0.1834889601996399
11 14 30 -1.1208329719662575
11 15 26 0.6777074797467798
11 15 27 0.12650921023329667
11 15 28 -0.9219630456753104
11 16 23 0.5906265259281559
11 16 24 0.318760477764123
11 16 25 0.8522793475633127
11 16 26 -0.11581386509761107
11 17 20 -0.43214859641780495
11 17 21 0.5549463676912499
11 17 22 0.23898388145155797
11 17 23 0.8404678012623721
11 17 24 -2.012922251393565
11 18 16 -0.9409067830178467
11 18 17 -1.2068115034103883
11 18 18 -0.8831996027517024
11 18 19 1.0754750535163118
11 18 20 -0.24868351744297207
11 18 21 -0.5127645094536
11 19 10 -1.3753992905918828
11 19 11 -1.2669537204133967
11 19 12 -1.1366057936036975
11 19 13 -0.23715613949511893
11 19 14 0.003948760492016016
11 19 15 1.2780604147208026
11 19 16 1.5207330140184043
11 19 17 0.5283551462980213
11 20 1 -0.41708987367844663
11 20 2 -0.8213315277633567
11 20 3 -1.4014811463256074
11 20 4 0.3632101338740888
11 20 5 0.7800761811369867
11 20 6 0.9279992980796565
11 20 7 1.4457654232420576
11 20 8 0.5861572771620661
11 20 9 -1.4615734103885212
11 20 10 1.8105987658334521
11 20 11 -0.3256758801709605
11 20 12 -0.9402262297075418
12 1 38 0.5309751399202188
12 1 39 -0.166142791115
12 2 38 1.0215292796627684
12 2 39 -0.7289067510683811
12 3 38 -0.020282562023022796
12 3 39 -0.4477623036517235
12 4 37 -0.589876251181599
12 4 38 -0.7186549510187863
12 4 39 1.0283454461794075
12 5 37 -0.8851988066574005
12 5 38 0.47959137231674887
12 5 39 0.6365672277791529
12 6 36 -0.2313771490774993
12 6 37 -0.07398525543997696
12 6 38 -0.9090230262888238
12 7 36 -1.519565477561866
12 7 37 0.3274821373466324
12 7 38 1.0304926062724717
12 8 35 -1.2844156114231673
12 8 36 0.4777407138811948
12 8 37 -1.9927968938190457
12 9 34 0.14943758476480007
12 9 35 0.2130169075657011
12 9 36 0.889337271589285
12 10 33 0.921395521748327
12 10 34 0.9748252249173003
12 10 35 0.8843363832457468
12 11 32 1.6069290961396208
12 11 33 0.34276628611569465
12 11 34 -1.692137839224108
12 12 30 -0.535907947813182
12 12 31 -0.4156889078793189
12 12 32 0.4309341930930323
12 12 33 -0.42085985941647364
12 13 29 1.3618066763952876
12 13 30 -0.9205075503924435
12 13 31 0.09246389046904868
12 14 27 2.5646570356956917
12 14 28 -0.4806166744834375
12 14 29 -0.43591177368223183
12 15 25 -0.6415611205825857
12 15 26 0.10113073347909114
12 15 27 1.3378977014731115
12 15 28 -0.26112395427707175
12 16 22 1.1695689417852313
12 16 23 0.334778385290486
12 16 24 -0.45789744773443786
12 16 25 -0.6617315579062197
12 17 19 0.35452487050883225
12 17 20 -1.6101139279984402
12 17 21 0.5820871232143247
12 17 22 -1.0303900469235368
12 17 23 -0.43612865228873865
12 18 14 0.44631097421166843
12 18 15 -0.1997657778560165
12 18 16 0.5054912633003577
12 18 17 0.29852261790237883
12 18 18 -0.9813966787578635
12 18 19 -0.3486708400550392
12 19 7 -0.08752913909208475
12 19 8 0.4565789298613857
12 19 9 0.9854117731920424
12 19 10 -0.09239749231187006
12 19 11 -0.1430236885738589
12 19 12 -1.8875390923190072
12 19 13 -0.9549008344438192
12 19 14 -0.5545485289619599
12 19 15 -1.2544460339336714
12 20 1 -1.0303536620405613
12 20 2 0.4292102404336811
12 20 3 1.1940047408857428
12 20 4 0.7621632275150647
12 20 5 0.5539002416212502
12 20 6 -1.4977408022020544
12 20 7 0.40508732306926615
12 20 8 0.5336901385215667
12 20 9 -1.2533709748526292
13 1 37 0.869818017208772
13 1 38 0.5758557077191774
13 1 39 -0.33998010022132213
13 2 37 -0.10083283286243527
13 2 38 -0.6472092523982
13 2 39 1.1270497940702313
13 3 37 -0.2901736172275577
13 3 38 -0.21243544677307447
13 4 37 0.5943572820117242
13 4 38 -0.7589878071880427
13 5 36 1.0099554800836723
13 5 37 0.9228187509795592
13 5 38 -0.4695140231007347
13 6 36 0.5800999980705008
13 6 37 1.1379332071337611
13 7 35 1.8621389163668167
13 7 36 0.2748916270789008
13 7 37 -0.5205404257857281
13 8 34 1.312765463592771
13 8 35 -0.2983763620901539
13 8 36 -0.882943259929897
13 9 33 -0.6237761798473443
13 9 34 0.003219341558982271
13 9 35 0.5032820704375072
13 10 32 0.056394939917152484
13 10 33 -0.30649738561428563
13 10 34 -0.46681757119650485
13 11 31 1.2910529598577793
13 11 32 0.05885624359486389
13 11 33 -0.3329759876540609
13 12 29 0.6976876377860242
13 12 30 1.4125153836297826
13 12 31 -0.5057079996034977
13 12 32 -0.1591068264734567
13 13 28 -0.24754472013119128
13 13 29 0.9079442389592767
13 13 30 1.7164950313136875
13 14 26 -0.5348432355904242
13 14 27 1.623179040033852
13 14 28 -1.0931744765607816
13 15 23 -0.9197075367801977
13 15 24 1.6342876180844939
13 15 25 -0.7573969167658403
13 15 26 -0.9531803568627848
13 16 21 0.2847913476187579
13 16 22 -1.7242177027773822
13 16 23 -0.04074860676182537
13 16 24 0.9558649762272476
13 17 17 -0.37678432722009664
13 17 18 -1.2141999750367385
13 17 19 1.0315689370607481
13 17 20 0.6661512631878239
13 17 21 0.7209139006804697
13 18 12 0.6897368455171901
13 18 13 0.4033174739663873
13 18 14 1.8476136786544528
13 18 15 0.44885116673376696
13 18 16 -1.9735011633235862
13 18 17 -0.31914307880672593
13 18 18 0.2548792454973838
13 19 1 -1.5198106944485086
13 19 2 -0.47613820869908047
13 19 3 0.24438841945371964
13 19 4 1.034723057218178
13 19 5 -0.5000873013195681
13 19 6 -0.23876709633359214
13 19 7 0.675140564670169
13 19 8 0.3523217034082869
13 19 9 -1.0891780949380228
13 19 10 -1.2537613463023387
13 19 11 0.4789545805796192
13 19 12 -0.13096769684104126
13 19 13 0.6566981610724567
13 20 1 0.874885406657302
13 20 2 -0.7624297664500477
13 20 3 1.4289587681653464
13 20 4 -1.4977699062714351
14 1 36 -1.404495239876064
14 1 37 1.015029452516545
14 1 38 -0.02183155013813507
14 2 36 0.4880022621242136
14 2 37 -1.6281054712610874
14 2 38 -0.24819174523921148
14 3 36 0.3071595046986489
14 3 37 -1.438011293910552
14 3 38 -0.8126205788211213
14 4 36 0.6071758921912418
14 4 37 -1.48520535267838
14 5 35 1.497758671761456
14 5 36 0.6526601599663358
14 5 37 1.318326039802972
14 6 35 -2.0086857326148047
14 6 36 0.02014065057272728
14 7 34 -0.6165426169528084
14 7 35 -0.7479486844377303
14 7 36 1.3926094238157587
14 8 33 -1.8638472323102957
14 8 34 -0.31692523544009743
14 8 35 -0.3997083852975654
14 9 32 1.7782853836818953
14 9 33 -0.269727253626087
14 9 34 -0.9819057225476301
14 10 31 0.7185637281902234
14 10 32 -1.0441091359650685
14 10 33 0.7420916417294624
14 11 30 -1.1650569115061187
14 11 31 -0.6339167341782543
14 11 32 -1.0326405862181343
14 12 28 -1.6029662553188588
14 12 29 -0.5274009668665024
14 12 30 -1.3638643330445648
14 12 31 0.3186776125764312
14 13 26 0.8106151808619442
14 13 27 0.8860714046163746
14 13 28 -1.5199033147417322
14 13 29 0.13006704700678268
14 14 24 -0.15649486974434282
14 14 25 1.147115680308377
14 14 26 2.2604519929889197
14 14 27 0.7265871709984653
14 15 22 1.895409111023185
14 15 23 -0.2785677341645627
14 15 24 0.6724491232161248
14 15 25 -0.977971941319544
14 16 19 -0.6683332211123588
14 16 20 1.4269434542
14 16 21 0.31624827000430933
14 16 22 0.5552010419665968
14 16 23 -0.7848520557547602
14 17 15 1.6819072387956275
14 17 16 0.08819899872758892
14 17 17 0.06526590124394312
14 17 18 -0.8504612089365753
14 17 19 -0.2117055154155028
14 17 20 -1.0322408462894437
14 18 8 -1.546915492478989
14 18 9 1.0342107428570648
14 18 10 -0.31954004547554987
14 18 11 0.5909100410709045
14 18 12 0.10194878245565538
14 18 13 0.6495405182156913
14 18 14 -0.22456758044626857
14 18 15 -0.05056932776742485
14 18 16 -2.7405547393392977
14 19 1 -1.526563355064908
14 19 2 -0.30170544598366145
14 19 3 0.9412954924187954
14 19 4 1.3976462258699258
14 19 5 -1.0647536190046716
14 19 6 1.1174130283769415
14 19 7 0.15167383997377562
14 19 8 0.7655244586948793
14 19 9 0.04856858748887586
14 19 10 0.4887394964070605
15 1 35 0.45245812406007885
15 1 36 -1.8345093363934837
15 1 37 0.46928493890486794
15 2 35 -0.39696899240739514
15 2 36 -0.8474590534921206
15 2 37 0.3822418567095904
15 3 35 -0.145285475287722
15 3 36 -0.9350313729591313
15 3 37 -0.3798016718993145
15 4 35 0.18529295669913767
15 4 36 -0.073036092750021
15 5 34 -0.12558606307908207
15 5 35 -0.013162537327158604
15 5 36 -1.6325900991616022
15 6 34 -1.4305833421905743
15 6 35 0.5433097467437455
15 7 33 -0.6527186949988641
15 7 34 -0.9357726767524412
15 7 35 -1.1113498926219436
15 8 32 -0.10690195635650486
15 8 33 0.23087214820490545
15 8 34 -0.055565432379238534
15 9 31 -1.7455985824972753
15 9 32 0.8872077372556656
15 9 33 0.5021551987337645
15 10 30 -0.39045067823641844
15 10 31 -0.20276827767855599
15 10 32 0.027682604520951757
15 11 29 -0.1495288423821821
15 11 30 0.5994540153874154
15 11 31 0.15342539481159356
15 12 27 -0.978445941363755
15 12 28 -0.5105857117161613
15 12 29 0.15824616047529094
15 13 25 0.13517737214207265
15 13 26 0.0484179393268256
15 13 27 1.3423935224232078
15 13 28 1.455845753699646
15 14 23 0.1789762858434346
15 14 24 0.07410523557657844
15 14 25 -0.21598363138158755
15 14 26 -1.0711212378696293
15 15 20 -0.9960374582310998
15 15 21 1.5459632249123405
15 15 22 0.17181473861634114
15 15 23 -1.8014689544155642
15 15 24 -1.6679790723133798
15 16 17 0.16731333328583192
15 16 18 -1.213117965262678
15 16 19 0.4416718697200834
15 16 20 1.0847575462403847
15 16 21 1.0464543422808679
15 17 12 -0.3766926398755673
15 17 13 -0.5371828087465482
15 17 14 -0.23853238081079114
15 17 15 1.3368319971415925
15 17 16 -0.7131420947925187
15 17 17 -0.6346373019741183
15 17 18 0.18896744907101928
15 18 1 -0.5450846193936185
15 18 2 0.7044246451802996
15 18 3 0.026709746767831225
15 18 4 1.04374642070032
15 18 5 -0.4363846191112864
15 18 6 0.03592248305814718
15 18 7 0.6913472522875002
15 18 8 -1.3873418954055279
15 18 9 -0.41319395677360765
15 18 10 0.6275800517322524
15 18 11 -0.12185285369074439
15 18 12 1.7719576489613595
15 18 13 0.24538583319310703
15 19 1 0.8510048024018306
15 19 2 -0.5354556571338469
15 19 3 0.3717855569996052
15 19 4 1.011068560797891
15 19 5 -0.7961225546777211
15 19 6 0.10987146709705178
16 1 34 0.0976021879489617
16 1 35 0.21070983554190437
16 1 36 -1.2721404020850882
16 2 34 -0.5326119736277272
16 2 35 -0.6358210758521662
16 2 36 0.9292958305990211
16 3 34 -1.1085669303264085
16 3 35 2.266869195283674
16 3 36 -0.14473505105735965
16 4 33 0.7723733340027382
16 4 34 0.13887559342744185
16 4 35 -1.4736649535101707
16 5 33 -0.7918213218881103
16 5 34 -2.1583711493728206
16 5 35 -0.6280590127392227
16 6 32 0.27520338117866394
16 6 33 0.25372629014403575
16 6 34 -0.5296600776856137
16 7 32 0.7584668988059925
16 7 33 -0.3544650609546916
16 7 34 -0.3082728523582942
16 8 31 -1.9191899550175637
16 8 32 -0.06728590146570379
16 8 33 0.511943942316541
16 9 30 -1.189837032279703
16 9 31 -0.8406789902246163
16 9 32 -0.26900807219703315
16 10 29 -2.781983308361149
16 10 30 1.473040784420584
16 10 31 0.1964766071597712
16 11 27 0.0822552222853553
16 11 28 -1.11360536078676
16 11 29 2.1328617954964972
16 11 30 0.6234737613726162
16 12 25 0.3634876928575353
16 12 26 -1.1446415598352513
16 12 27 0.6371782156945855
16 12 28 2.0931455703247495
16 13 23 -0.3821881524903736
16 13 24 -1.6529787108243292
16 13 25 0.08938835128676786
16 13 26 0.3282094427925912
16 14 21 -1.2763106166754172
16 14 22 -0.7352499439000281
16 14 23 -1.124869514317
16 14 24 -1.3528787518482392
16 15 18 0.49688290150868414
16 15 19 0.6525527270117985
16 15 20 -0.6474782726526128
16 15 21 -1.4832167447593192
16 15 22 -0.8444345074049942
16 16 14 0.3650180329814288
16 16 15 -0.31120520094651793
16 16 16 -1.4623040987392901
16 16 17 -0.38378928559472036
16 16 18 0.28356613170881756
16 16 19 -0.41321646005537166
16 17 7 0.22590775631469975
16 17 8 0.989947510707143
16 17 9 1.699953277949164
16 17 10 1.2209227109362004
16 17 11 -0.17233625826409404
16 17 12 -0.7456944547418805
16 17 13 -1.3463569004393452
16 17 14 0.27701411957986233
16 17 15 0.3158611090058228
16 18 1 -0.8628828014023232
16 18 2 1.3613242117526854
16 18 3 -1.4958936229215842
16 18 4 1.0465609101465927
16 18 5 1.9307990931902994
16 18 6 -1.6974450476442984
16 18 7 0.021123111883542354
16 18 8 -0.21866693070345072
16 18 9 0.2607777180875834
16 18 10 -0.9849734031939553
17 1 33 0.8729892402466365
17 1 34 0.6197901636445482
17 1 35 1.38023285119896
17 2 33 0.7400036997951505
17 2 34 -1.2215945008383677
17 2 35 -1.6752758025562937
17 3 32 -0.5232654522636917
17 3 33 -0.4714315137598891
17 3 34 -0.3328610131879471
17 4 32 0.15709344439364495
17 4 33 0.9896558721576996
17 4 34 -1.1468612158124154
17 5 32 0.8966569631251237
17 5 33 0.5880806571373485
17 5 34 0.7982428517471514
17 6 31 -1.322346707588978
17 6 32 -2.2342342636466954
17 6 33 -0.8713852221135274
17 7 30 0.575995144060379
17 7 31 -0.12396132019117644
17 7 32 0.5657659076373893
17 7 33 -0.1492798259783585
17 8 29 0.5136951773059762
17 8 30 1.3047607850250955
17 8 31 1.8187162285189031
17 8 32 0.8355172790002666
17 9 28 0.9289330182990762
17 9 29 0.017578331257351
17 9 30 1.4258238574723983
17 9 31 1.240385763723375
17 10 27 -0.28515211755624487
17 10 28 1.1789675649918079
17 10 29 0.9100689591118762
17 10 30 -1.2490198978335934
17 11 26 0.9696812858150848
17 11 27 -0.25475446015402803
17 11 28 -0.0386135274542608
17 12 24 -1.9979628745812552
17 12 25 -0.07034039134080042
17 12 26 0.6834382423715409
17 12 27 0.11525710631768209
17 13 22 -0.48972955230046183
17 13 23 -0.7840154504969041
17 13 24 -0.9275443937621137
17 13 25 -0.06041477243544945
17 14 19 1.4904692908731734
17 14 20 -1.085245829157775
17 14 21 0.22941002189270837
17 14 22 1.8555760213464925
17 14 23 1.2500789047060057
17 15 15 2.1017667536350495
17 15 16 -0.15928237547424431
17 15 17 -0.5586734357730219
17 15 18 -1.6652617381886312
17 15 19 0.5366519503544361
17 15 20 -0.3879192148890342
17 16 10 -1.87784434010114
17 16 11 0.4328961469391624
17 16 12 -0.8861483000340665
17 16 13 -0.3161524099017954
17 16 14 1.8792635329919547
17 16 15 1.4434042236378732
17 16 16 -0.5721576221381064
17 16 17 0.03614637971300612
17 17 1 -0.6630477429587942
17 17 2 -0.33651068122737066
17 17 3 0.08028958681967859
17 17 4 0.055297530512764884
17 17 5 -0.08758524750252962
17 17 6 -1.3192779656733309
17 17 7 -0.702359104328048
17 17 8 -0.14960807875431023
17 17 9 -0.20252563444252328
17 17 10 0.17407680367300177
17 17 11 -1.307706188969178
17 17 12 0.5414245487425576
17 17 13 0.7794357103508941
17 18 1 0.6619801986463582
17 18 2 -1.0590697002321081
17 18 3 2.107302571762704
17 18 4 2.191897055949026
18 1 31 0.170741810321269
18 1 32 -1.3506508154953853
18 1 33 -0.10829847587956873
18 2 31 -0.4822776934973795
18 2 32 -0.05511564628091048
18 2 33 -1.8084592258612493
18 3 31 -1.264984912482715
18 3 32 -1.0999044795331163
18 3 33 -0.4567001977337488
18 4 31 0.872914773566245
18 4 32 -1.9979411443422026
18 4 33 -0.29404281769347895
18 5 30 0.9124446178013924
18 5 31 -0.8063549519327804
18 5 32 -0.48851710816346855
18 6 30 -0.4537944329853772
18 6 31 1.2686366397955209
18 6 32 -1.9284369804216204
18 7 29 -2.363138219421229
18 7 30 -0.8767991439537411
18 7 31 0.9000594651322449
18 8 28 -2.2326018604053637
18 8 29 -1.3545330178245925
18 8 30 0.9674941702813236
18 9 27 -0.7902466890241687
18 9 28 -0.10516492862004269
18 9 29 0.7848983084928308
18 10 25 0.8682483208998197
18 10 26 2.0587207828715495
18 10 27 -0.21535891362378864
18 10 28 -0.25592133867415645
18 11 24 -0.26164582868098757
18 11 25 2.113871285832892
18 11 26 -2.4404829206889054
18 11 27 0.5074870545560386
18 12 22 0.01664303177146567
18 12 23 -0.011035668023184245
18 12 24 0.28802645935587423
18 12 25 -0.138170586151508
18 13 19 -0.9741856591094494
18 13 20 -0.31480081142956406
18 13 21 0.8233212527651319
18 13 22 1.6417907503597262
18 13 23 1.366819412416605
18 14 16 0.438823630733132
18 14 17 -1.2154963047354754
18 14 18 -1.0367560139406349
18 14 19 -0.2332423037824292
18 14 20 0.9214439374726622
18 14 21 -0.520314914379988
18 15 12 -0.9623653357040574
18 15 13 1.5886964310176783
18 15 14 -1.2657261711230219
18 15 15 1.1002609188947086
18 15 16 -0.3204360332478407
18 15 17 -0.8974429033613694
18 15 18 -0.851449291567885
18 16 1 0.20133402108536966
18 16 2 0.9676267167250237
18 16 3 1.3328163786907072
18 16 4 0.889236743115429
18 16 5 0.9466463435521287
18 16 6 -1.1765361479410055
18 16 7 1.2260739099043478
18 16 8 -1.4865404074884834
18 16 9 2.251663368500244
18 16 10 0.7254772617987005
18 16 11 -0.58030692818409
18 16 12 0.26689743936896637
18 16 13 0.8300348432431737
18 16 14 0.48993048098326486
18 17 1 0.14614173418486406
18 17 2 -1.3654378528151965
18 17 3 -0.4415450252818983
18 17 4 -0.2059508150335121
18 17 5 0.364123919799445
18 17 6 -0.09744123032256333
18 17 7 -1.0597157740771486
18 17 8 0.23401754233994293
19 1 30 0.7140305721182849
19 1 31 0.2873704199339718
19 1 32 0.8688832986758593
19 2 30 1.125808931946006
19 2 31 -0.7000246450405848
19 2 32 -0.8935030589197668
19 3 30 -0.17619224061723612
19 3 31 0.763288297499454
19 3 32 0.08145722809602889
19 4 29 0.9352572013186299
19 4 30 -1.3619861195998075
19 4 31 0.2082948662677113
19 5 29 -1.6131322153710126
19 5 30 -0.38510694626472614
19 5 31 -0.8478655152319798
19 6 28 -0.5032266394926659
19 6 29 0.08482656782973463
19 6 30 -1.3423423058887658
19 7 27 0.5011466545827257
19 7 28 2.1724261081994265
19 7 29 -0.41834776464962375
19 7 30 -0.5444606506504586
19 8 26 1.0933806785190001
19 8 27 -0.8436353754986262
19 8 28 -0.9734587002751792
19 8 29 0.19200902779321258
19 9 25 -0.9419501699959509
19 9 26 1.4268287462932456
19 9 27 0.7736428783643573
19 9 28 -1.084236570478881
19 10 23 0.8096729312371661
19 10 24 -1.0829994451006288
19 10 25 -2.0301055931513656
19 10 26 0.3827140427303174
19 11 22 1.4654033698479176
19 11 23 -1.357829569874001
19 11 24 0.1528629778690379
19 11 25 -1.7256227833199105
19 12 19 -0.03756352555582976
19 12 20 2.191481001306321
19 12 21 0.26472343405463544
19 12 22 -0.6749502384792632
19 12 23 0.3913933274266777
19 13 17 1.6375883077604945
19 13 18 1.6284695087164887
19 13 19 0.5633513319670251
19 13 20 0.7810817485182157
19 13 21 -1.7808010551938982
19 14 13 -0.056643523229346834
19 14 14 0.40568259493113745
19 14 15 0.696778951389104
19 14 16 -0.7624740300661924
19 14 17 -0.08365187845701572
19 14 18 -0.28046890937534374
19 15 6 -1.8196505181987006
19 15 7 -2.272773583150763
19 15 8 0.36434532189305463
19 15 9 0.7883201442169322
19 15 10 -1.1712284767178973
19 15 11 -1.1685199074990924
19 15 12 1.0596517277704456
19 15 13 -1.742342894049037
19 15 14 -0.31344826685959276
19 15 15 0.010765028205232965
19 16 1 -0.05677147819335352
19 16 2 0.5836963163618814
19 16 3 -0.46095418864796733
19 16 4 0.2760823491784408
19 16 5 1.8497828607906184
19 16 6 -0.2503499736050704
19 16 7 0.8462003315613429
19 16 8 1.213426636423469
19 16 9 1.2873611189715581
19 16 10 -2.4114015154771655
20 1 28 -0.532987743123527
20 1 29 -0.5799337912662372
20 1 30 -0.7095938449982948
20 2 28 0.7585202590224355
20 2 29 1.245146907903268
20 2 30 -0.6921735499705455
20 3 28 -1.4118257905042186
20 3 29 0.537360463141384
20 3 30 2.1730169536525357
20 4 27 0.5715348976860792
20 4 28 -0.9392715264688581
20 4 29 0.5179709071022858
20 4 30 -0.6450475786522124
20 5 27 -0.04379023537282078
20 5 28 -0.030243270220180984
20 5 29 1.6410076829257267
20 6 26 -2.172156758355488
20 6 27 -0.10208386168490201
20 6 28 1.752365566625987
20 6 29 0.20183521035750168
20 7 25 1.4540579901620274
20 7 26 -0.8979463562686422
20 7 27 1.5185930678901922
20 7 28 -2.0079474657601706
20 8 24 -0.075400552126872
20 8 25 -0.47440125842971836
20 8 26 -0.8230712205123518
20 8 27 -1.8337254085504124
20 9 23 0.910186308651713
20 9 24 -2.4447260574401715
20 9 25 1.454293008543503
20 9 26 0.9924872350845577
20 10 21 0.04754801786136971
20 10 22 -0.3206319588156921
20 10 23 -0.8046757841721139
20 10 24 0.15188045975770403
20 11 19 -0.9082626826071655
20 11 20 -0.8544303470690584
20 11 21 1.8228851622629716
20 11 22 0.20237602149313647
20 11 23 -0.16989837361679538
20 12 16 0.3940255237417162
20 12 17 -0.10272895036861474
20 12 18 -0.9303548206018294
20 12 19 1.5110792849170107
20 12 20 0.18505596447236003
20 12 21 0.6054414642986519
20 13 13 1.136671852502992
20 13 14 -0.053295299185595085
20 13 15 -2.7154599919217577
20 13 16 0.6126652324661064
20 13 17 -0.6597111670528232
20 13 18 -0.367773459024776
20 14 7 0.3680208512543733
20 14 8 -0.927507617147047
20 14 9 -0.03244853858906937
20 14 10 -1.6535520246382545
20 14 11 -0.5709503149331817
20 14 12 0.08985446334074959
20 14 13 0.42012916569199005
20 14 14 0.043613472256306025
20 14 15 -0.5310339731932472
20 15 1 0.7273181545014261
20 15 2 1.2755310365062624
20 15 3 -0.6669577975829526
20 15 4 -0.27209774603774517
20 15 5 0.8858552744980703
20 15 6 -0.2213185022663566
20 15 7 1.0515009986825647
20 15 8 0.6641683258361626
20 15 9 0.7628998423316655
20 15 10 0.7921055427562315
20 15 11 1.15371289301692
21 1 26 -0.0020978221793899344
21 1 27 0.7993522792586235
21 1 28 -0.004668456823812331
21 1 29 -0.2913604274879909
21 2 26 0.7856336254669374
21 2 27 -0.7497034380956215
21 2 28 0.837597465444171
21 2 29 -1.291105354231527
21 3 26 0.9315585992263837
21 3 27 0.3380983677001873
21 3 28 -0.5871552793733409
21 4 25 -0.38109969049151166
21 4 26 0.4298742958059587
21 4 27 0.25108073241267354
21 4 28 0.737675016822855
21 5 25 0.8929430980415511
21 5 26 1.2473499173740865
21 5 27 0.7135559402725081
21 5 28 -1.2870053365031646
21 6 24 1.4088110690761673
21 6 25 -0.22421657736667713
21 6 26 0.519295976669746
21 6 27 -0.2879428613490488
21 7 23 -0.22076432851660188
21 7 24 -0.4128605455779867
21 7 25 -0.8839828446220992
21 7 26 0.8262713450241345
21 8 22 0.1475597152126363
21 8 23 -1.2968436103919079
21 8 24 0.43921692974588034
21 8 25 -0.03354117079298812
21 9 20 -0.10333786589701559
21 9 21 0.35628624141041426
21 9 22 -0.3726214798506636
21 9 23 -0.22246598152537952
21 9 24 -0.7729478690308559
21 10 18 1.0710253922847575
21 10 19 -0.0426813945191111
21 10 20 1.1904390233100144
21 10 21 2.2144260603222206
21 10 22 -0.6093347341643616
21 11 16 1.1899001284314583
21 11 17 -0.23521188703013815
21 11 18 1.2266354194485223
21 11 19 0.15219623379548047
21 11 20 -0.7975626097853551
21 12 13 0.1281187765628952
21 12 14 -0.5615976858874333
21 12 15 -0.8776162278494907
21 12 16 -0.14218874063889456
21 12 17 1.7423529841586811
21 12 18 2.236034523310819
21 13 7 -0.9027152880865402
21 13 8 -0.022452675609428943
21 13 9 -1.1009051148139914
21 13 10 -0.396872592131613
21 13 11 -0.8017867744663758
21 13 12 -1.1899747501376772
21 13 13 -1.222111883101635
21 13 14 -1.4155450191534964
21 13 15 1.1972241341695764
21 14 1 -0.10600183494985724
21 14 2 0.7602758037980522
21 14 3 -1.085423241000774
21 14 4 -0.4472544009054195
21 14 5 -0.5314472429415872
21 14 6 0.8287205418930864
21 14 7 -0.8987897024704197
21 14 8 -0.2641861265820518
21 14 9 0.36102503367548516
21 14 10 0.7195484077087316
21 14 11 -0.5603580467172707
21 14 12 0.2844028804367512
21 15 1 -0.6867183188173334
21 15 2 -1.5437230304381353
21 15 3 -0.8363749745616504
21 15 4 0.3635746926144605
22 1 24 0.11393863774805318
22 1 25 -0.7053192572979357
22 1 26 0.6052720042056179
22 1 27 1.5242197640416837
22 2 24 -0.6395694573829944
22 2 25 -0.0007865556812964144
22 2 26 -2.4896822414008657
22 2 27 0.8841634096958283
22 3 24 0.33012056225974806
22 3 25 -0.07649561427670354
22 3 26 0.30077342472053525
22 3 27 -1.262081723633895
22 4 23 -0.44707155705789975
22 4 24 -0.7324700410427187
22 4 25 -0.4432255401509547
22 4 26 0.5513773481377686
22 5 22 -0.605775210758956
22 5 23 0.6433476072110398
22 5 24 -1.1361174353541394
22 5 25 -0.4936187725677505
22 5 26 2.261189743867415
22 6 22 -0.5056475294831831
22 6 23 -1.0876863794363762
22 6 24 1.0829573906565584
22 6 25 0.11677763203734152
22 7 20 0.5579307040871542
22 7 21 -1.4232382448304175
22 7 22 1.3173007729532087
22 7 23 -1.096085139780246
22 7 24 -0.398489865878834
22 8 19 -0.963009168414442
22 8 20 -0.5181788895125012
22 8 21 -0.2814297935333834
22 8 22 -0.6233737592036013
22 8 23 -0.07441943540685172
22 9 17 0.8009120379927099
22 9 18 1.3256317005868044
22 9 19 0.220210378028424
22 9 20 -0.692330059201412
22 9 21 1.2771982448838863
22 10 15 -0.8002704619891602
22 10 16 0.36477305004183863
22 10 17 -0.49159324531459886
22 10 18 0.7508523063569109
22 10 19 0.24630282533173256
22 10 20 -1.304673711219736
22 11 12 0.20011689640645797
22 11 13 -1.085140934976565
22 11 14 0.7255835664217893
22 11 15 1.1437852684483785
22 11 16 1.1794892185279795
22 11 17 0.7840181697638933
22 11 18 -0.29022581567113614
22 12 6 -0.8774494980818635
22 12 7 2.145526955280307
22 12 8 -0.5682196079676681
22 12 9 0.012915351500668255
22 12 10 1.0522461408518757
22 12 11 -0.17894228631324366
22 12 12 1.857719740484484
22 12 13 -1.898106853357567
22 12 14 -0.3624172126220471
22 12 15 1.3830190378284957
22 13 1 -0.7098202795141887
22 13 2 -0.8762650929494322
22 13 3 -1.8235954470598377
22 13 4 -0.003839984356647683
22 13 5 0.17381637333347932
22 13 6 0.31019113238830437
22 13 7 -1.1290725601028444
22 13 8 0.600660769057461
22 13 9 0.697273424289561
22 13 10 0.08747544978028073
22 13 11 0.7635422124750381
22 14 1 -1.1009323442106334
22 14 2 1.0355418019569755
22 14 3 -0.01813874916110407
22 14 4 0.1654473995113912
22 14 5 1.2451386952761725
23 1 21 -0.915729491799062
23 1 22 -1.3408205541342175
23 1 23 1.197551972207488
23 1 24 2.161695626115591
23 1 25 -0.24974507535957244
23 2 21 1.4625184088529435
23 2 22 -1.1092883769442647
23 2 23 -1.0087516668749723
23 2 24 1.0227102589948034
23 2 25 0.49059012128570756
23 3 21 1.8094215597194752
23 3 22 -0.4150013000206374
23 3 23 -0.3376093919321655
23 3 24 0.8115581238693347
23 4 20 1.6405488681611065
23 4 21 0.6133892852982984
23 4 22 0.5434965331352118
23 4 23 -0.7547438732823571
23 4 24 -0.6533671154290769
23 5 20 1.5267850904356979
23 5 21 2.6044893250678895
23 5 22 0.0427614217472186
23 5 23 -0.7819172224490413
23 6 19 -1.3274261335728403
23 6 20 -0.6008814214040429
23 6 21 0.5875412435968627
23 6 22 -1.2224163041776628
23 6 23 0.7037774948232091
23 7 17 0.579996880771519
23 7 18 0.679976088666637
23 7 19 0.5777768758180595
23 7 20 -0.4371725444684034
23 7 21 2.127108762515537
23 8 16 -0.26858614062096847
23 8 17 -1.0482696773073261
23 8 18 -1.9550306860899287
23 8 19 0.5643184876759545
23 8 20 -0.145489502849179
23 9 13 1.5991940372740192
23 9 14 -0.5137782944346604
23 9 15 0.8035620725110217
23 9 16 0.6419871937839661
23 9 17 1.215918135651932
23 9 18 0.6286750580893785
23 9 19 -2.066575398773255
23 10 10 -1.8124712628595445
23 10 11 -0.9961582370589518
23 10 12 -0.09533125082623899
23 10 13 -1.2913197727662193
23 10 14 -0.7399378679915364
23 10 15 1.1132089497890523
23 10 16 1.336826314993053
23 10 17 -1.3850987466110318
23 11 1 -1.7290018242237835
23 11 2 1.0207237026804723
23 11 3 1.2166198758249744
23 11 4 -0.27585329105728973
23 11 5 -0.6227096050116631
23 11 6 -0.9538473699701671
23 11 7 0.8564896621702264
23 11 8 0.040060613726650186
23 11 9 -0.9422329416981435
23 11 10 -0.28211616997024
23 11 11 0.2542741527859934
23 11 12 -1.0825507207788803
23 11 13 -1.6767893783424124
23 11 14 0.20310694157631354
23 12 1 -0.4202129559665994
23 12 2 0.6003529085950007
23 12 3 -1.2627764075750139
23 12 4 -1.508839054994277
23 12 5 -1.5453303974877377
23 12 6 0.42817415194894304
23 12 7 -0.46918413946816206
23 12 8 2.38455544536841
23 12 9 -0.3805112699328106
23 12 10 1.759024918199315
23 12 11 -1.160134476395954
23 13 1 0.3637195986910201
23 13 2 -0.24125994686332936
23 13 3 -0.8543489431447129
24 1 18 1.0913313067965962
24 1 19 0.9340667949139686
24 1 20 -0.016846278002152475
24 1 21 0.25517889445134684
24 1 22 -0.11980191913111798
24 2 18 1.0823323238982125
24 2 19 0.7979378445202084
24 2 20 0.22119034580546204
24 2 21 1.019589561899899
24 2 22 -0.6147962018943195
24 3 18 0.21383569653214232
24 3 19 -0.049920507271486746
24 3 20 -0.012920883215645258
24 3 21 0.7754271386311814
24 3 22 -1.092843459834794
24 4 17 -0.2018139634157441
24 4 18 -0.38714483833976965
24 4 19 0.39090165339913274
24 4 20 -0.16531453919183403
24 4 21 0.9621699425456627
24 5 16 1.837643446479143
24 5 17 0.19597538060522599
24 5 18 -0.6477521534011728
24 5 19 2.3786774915223377
24 5 20 -0.2696035141429692
24 5 21 -0.027204958958311595
24 6 15 -0.11217077155713685
24 6 16 -1.21249032592188
24 6 17 0.085503371567049
24 6 18 0.687225749911826
24 6 19 -1.5745044722923238
24 6 20 2.422588364632466
24 7 13 -0.42873062540153284
24 7 14 0.12139235550160332
24 7 15 -0.676451330242629
24 7 16 -0.6796821117748749
24 7 17 1.4679439360624909
24 7 18 0.3490245768601699
24 7 19 -0.7121476073619456
24 8 11 0.948455850526316
24 8 12 1.437758800957867
24 8 13 -0.10712770911936166
24 8 14 1.429999958908437
24 8 15 -0.6792891110350039
24 8 16 -0.9111418032794409
24 8 17 1.2037252707553119
24 9 6 -2.099932807151273
24 9 7 0.4131644850239633
24 9 8 0.3049336733851461
24 9 9 3.018035763448092
24 9 10 0.9932783471151422
24 9 11 -0.3186628569489036
24 9 12 -1.0096409204597163
24 9 13 0.509924852872561
24 9 14 -0.20314495194035898
24 9 15 -2.219596210133368
24 10 1 1.1511410033379228
24 10 2 0.9586534267217941
24 10 3 -2.9864792758716643
24 10 4 1.3651726422377781
24 10 5 0.2254346071813324
24 10 6 -0.7301914854258895
24 10 7 1.2351684273247299
24 10 8 0.03808870002879673
24 10 9 -0.9748081461076402
24 10 10 -2.1164269937774036
24 10 11 -0.2542032554439429
24 10 12 1.4967735185666988
24 10 13 -1.3506105172361833
24 11 1 0.6682602488988822
24 11 2 0.03650812955571327
24 11 3 1.413384759037977
24 11 4 0.06295491583867506
24 11 5 0.06835836657120022
24 11 6 -0.6565815306276926
24 11 7 0.006897047810421292
24 11 8 -0.4419900913962755
24 11 9 0.8533997644483926
25 1 14 -0.5926750257124884
25 1 15 0.4456189190733825
25 1 16 2.2072047622517617
25 1 17 0.09027549281142523
25 1 18 1.6949146970242546
25 1 19 0.9670239756018697
25 2 14 0.017567322495856713
25 2 15 0.15933618473940353
25 2 16 0.75536285799949
25 2 17 -1.2930397413123649
25 2 18 -1.9739340216515933
25 2 19 -1.170892141135173
25 3 13 0.592558852462673
25 3 14 -1.518040433601859
25 3 15 0.779717815494278
25 3 16 -0.007489696475982982
25 3 17 0.7572251331006148
25 3 18 0.8487748811431427
25 3 19 1.3467437392744666
25 4 13 0.042235030268598976
25 4 14 -0.5965919596951755
25 4 15 0.1387799035973944
25 4 16 0.9685045545388408
25 4 17 0.1268672914083018
25 4 18 0.5234848859178303
25 5 11 0.5050415355622891
25 5 12 0.7492667388382076
25 5 13 1.178795689240189
25 5 14 1.1970215515583893
25 5 15 -1.211389286469606
25 5 16 -0.5311881747295307
25 5 17 -0.8504901172285211
25 6 9 0.09369254414851083
25 6 10 -1.0654042527844663
25 6 11 1.574193771134905
25 6 12 -2.0340575344027836
25 6 13 -0.06429212216443356
25 6 14 0.8516885021518719
25 6 15 0.4395312147599812
25 6 16 -1.4488801607534594
25 7 5 2.5579109752210183
25 7 6 -0.5580595602133113
25 7 7 -0.5106346505365421
25 7 8 0.4118089589657424
25 7 9 1.2558738078815936
25 7 10 -0.5321768302640244
25 7 11 -0.9160352039491542
25 7 12 -0.19542994083975482
25 7 13 0.3385162408139164
25 7 14 2.5151892380046066
25 7 15 -0.557707668499535
25 8 1 -0.7062393441698451
25 8 2 0.43281504409490107
25 8 3 -0.13510146393160224
25 8 4 1.0264725388862894
25 8 5 -0.5620820677065772
25 8 6 0.431607703186425
25 8 7 0.21153389153028815
25 8 8 0.4314602975811854
25 8 9 0.7216127868464824
25 8 10 0.7460062342781486
25 8 11 0.7692555313124625
25 8 12 1.5258438825913339
25 8 13 0.13953439361747477
25 9 1 -0.09952027492393412
25 9 2 1.44522466740571
25 9 3 -2.6621300817757905
25 9 4 0.8557895498187594
25 9 5 -0.26708017964821024
25 9 6 0.15638550657221548
25 9 7 1.4825060871059248
25 9 8 -1.2771196861142575
25 9 9 0.4485033165917225
25 9 10 -0.7159283257701478
25 10 1 -0.39545292825975376
25 10 2 -0.7489588277621937
25 10 3 0.680460521390005
25 10 4 -0.40492411056571476
25 10 5 1.2706718216482835
25 10 6 0.40068254174427015
26 1 7 1.1471142330246704
26 1 8 -0.7857249531021216
26 1 9 -1.7276738438734198
26 1 10 -1.0854031058771862
26 1 11 -1.4116770420607698
26 1 12 0.7176958110832504
26 1 13 1.9233411985758733
26 1 14 -0.6167285329112464
26 1 15 0.21152389250699527
26 2 7 1.4020478254288793
26 2 8 0.6458657220735796
26 2 9 -1.2219089946956356
26 2 10 1.1310481721954444
26 2 11 -0.8472347273079602
26 2 12 0.1802016910017336
26 2 13 -0.20290117904602537
26 2 14 -0.9514224600640243
26 2 15 -1.2077103001996174
26 3 6 0.2559096006923588
26 3 7 0.8689168624155645
26 3 8 -0.1080583502212717
26 3 9 -0.5572683917602006
26 3 10 1.1785570546312132
26 3 11 -1.017975805038815
26 3 12 1.566855578852246
26 3 13 -1.5084159845269032
26 3 14 -0.6529737603581031
26 3 15 2.0178185359431846
26 4 1 -0.9538677659794289
26 4 2 -1.1587362729514585
26 4 3 1.613214185154481
26 4 4 -0.5981359283536043
26 4 5 -1.6338469571411267
26 4 6 -0.15246855465045592
26 4 7 -0.5557405534605964
26 4 8 0.3644235444083526
26 4 9 -0.3413606854596075
26 4 10 -0.6904902483155103
26 4 11 -0.5822981970952716
26 4 12 -1.4588224560708145
26 4 13 0.010007794331342372
26 4 14 -0.6635024390880352
26 5 1 1.0715576818076176
26 5 2 0.45263252803175036
26 5 3 -1.4495288847761894
26 5 4 -0.47917000957341005
26 5 5 1.5101976194856153
26 5 6 -0.6736277868094703
26 5 7 -0.16301874700020172
26 5 8 0.4991044466675659
26 5 9 0.5209221170586155
26 5 10 1.020516953929899
26 5 11 -1.5257785712029182
26 5 12 -0.38156399776180294
26 5 13 0.27388615468949484
26 6 1 -0.21564424520499303
26 6 2 0.1639770797158432
26 6 3 1.2383895202061463
26 6 4 0.04978901910230829
26 6 5 -0.744941582651455
26 6 6 0.3440329369165919
26 6 7 -1.4544726755224446
26 6 8 0.1353984619911673
26 6 9 0.9067248384413968
26 6 10 1.9705214387998198
26 6 11 0.27443565728168945
26 6 12 -0.9762509935579321
26 7 1 1.3427553133478312
26 7 2 -0.2361471740102538
26 7 3 -1.0309716661941817
26 7 4 1.200517699800695
26 7 5 0.8277743661097254
26 7 6 -0.7643516992071492
26 7 7 1.7634736994743556
26 7 8 -0.2742154117786117
26 7 9 -1.6989938257624386
26 8 1 0.10884634425311565
26 8 2 1.22583107737848
26 8 3 -0.7796492541136641
26 8 4 0.37737441396906485
26 8 5 -0.6288295038739321
26 8 6 -0.3038010610306002
27 1 1 1.6416321973894057
27 1 2 0.8199473721390489
27 1 3 -0.041454726827479575
27 1 4 -0.684703473631526
27 1 5 -1.4378573852633538
27 1 6 1.2632357790196633
27 1 7 -2.1079807394128443
27 1 8 0.8053346639820977
27 1 9 -0.9425668224528531
27 1 10 -0.9826358049768752
27 2 1 -0.3088907055588149
27 2 2 0.5711342959020106
27 2 3 -0.6096568836450167
27 2 4 -0.0561390504670395
27 2 5 -0.45857871469221206
27 2 6 0.11989375943289865
27 2 7 1.6109494862178153
27 2 8 -0.5281171721777977
27 2 9 0.16810426416957078
27 2 10 1.0903203847148992
27 3 1 -2.2756779632256947
27 3 2 1.053088573410574
27 3 3 -0.3818227185539097
27 3 4 1.4103043955263868
27 3 5 0.8747998228796869
27 3 6 0.3400362120615877
27 3 7 0.782508108464137
27 3 8 -1.7247317109234817
27 3 9 -0.3053497831980336
27 4 1 -1.689217134331393
27 4 2 -0.46629127364967443
27 4 3 -0.8368120686556202
27 4 4 -0.015027284076797237
27 4 5 0.08949815500664594
27 4 6 0.18573080922950796
27 4 7 1.482039639601628
27 4 8 -0.4650230426193934
27 5 1 1.4813249163611706
27 5 2 0.012627290488973117
27 5 3 -0.33653547437622355
27 5 4 0.9238050596804875
27 5 5 -0.10166693107566223
27 5 6 -1.5131942529114044
