# i j k value
1 100 101 0.8297193395095336
1 101 100 -2.1366324891868436
1 101 101 -0.11847993067232233
1 101 102 -0.6911647874707127
1 102 101 -1.2679810327445913
2 87 99 0.20891794765047172
2 87 103 0.5366728641684282
2 91 91 1.2574588578550008
2 91 111 -0.9214822623918673
2 99 87 1.1776287045549096
2 99 115 -1.6960859547658331
2 103 87 -1.0258830765138514
2 103 115 0.47277175080053085
2 111 91 1.1914938199992884
2 111 111 0.5340854762653066
2 115 99 0.6248676209419599
2 115 103 0.49971051677312894
3 82 95 -0.1074739023386984
3 82 107 0.9563873173271055
3 95 82 -0.7014178205036031
3 95 120 -0.20366413216081933
3 107 82 0.13158723734266403
3 107 120 0.6471868150601284
3 120 95 0.09993942419917273
3 120 107 -0.3404963201075754
4 77 97 -1.843524776742931
4 77 105 1.277726861599128
4 97 77 -0.4394201827758177
4 97 125 -0.2576213361841664
4 105 77 -0.07191904078583072
4 105 125 0.5105975805114153
4 125 97 -0.1988624492041342
4 125 105 -0.1812037598488656
5 73 100 0.7948951419806796
5 73 101 -0.4128158750101935
5 73 102 -0.9923398209184409
5 78 85 -0.9425466794002758
5 78 117 -0.5534152065421435
5 85 78 -0.7560629115200271
5 85 124 -1.4662736105555545
5 100 73 -0.8455779531565161
5 100 129 0.5598932205494732
5 101 73 -1.173217244908771
5 101 129 0.28483669458148925
5 102 73 -0.2467978631338592
5 102 129 -1.4495302825469187
5 117 78 1.4168742826059137
5 117 124 -1.0726732246674253
5 124 85 0.321234852727613
5 124 117 -0.26419404873802266
5 129 100 0.5142144769653739
5 129 101 0.2876727250729821
5 129 102 1.0650330719320866
6 77 81 -0.5041901788445203
6 77 121 -1.5491120340073266
6 81 77 1.0037750407998831
6 81 125 0.4608854595802562
6 121 77 0.6724549803314295
6 121 125 -0.22164513476272743
6 125 81 -0.8665079154674842
6 125 121 0.1221064189145426
7 67 98 -0.04800296940433387
7 67 104 -1.334989382103594
7 72 83 0.5957652307612715
7 72 119 0.3463430644890217
7 83 72 0.04914536550082376
7 83 130 -1.2832340989100426
7 98 67 0.5855437246783266
7 98 135 0.6949554616468215
7 104 67 0.9807894597102987
7 104 135 -0.7631092350840035
7 119 72 -1.4553821141800505
7 119 130 -0.9021198341320658
7 130 83 -1.2981201977217673
7 130 119 -0.8634184215861669
7 135 98 -1.0249345258603841
7 135 104 -0.52099038411413
8 67 87 0.09961136704303225
8 67 115 0.6165854984313865
8 75 75 -1.3461702763495575
8 75 127 -0.46076154924593743
8 87 67 -0.7587036377333259
8 87 135 1.6300960504858704
8 115 67 1.2650141046599759
8 115 135 -0.7006588884839575
8 127 75 1.1716169425949257
8 127 127 0.011994363478056522
8 135 87 0.3496601726535338
8 135 115 0.6900906654122605
9 62 97 0.03267876313714183
9 62 105 -1.4082223129318057
9 70 77 0.12892479363129564
9 70 125 -0.573121428658323
9 77 70 1.6769601025542173
9 77 132 -0.6267038954489423
9 97 62 -0.5760434681530001
9 97 140 2.3062975729722806
9 105 62 1.7741057894236958
9 105 140 -1.6613847035531208
9 125 70 -0.10195971594650227
9 125 132 -0.03280492678347948
9 132 77 -1.1543169821381087
9 132 125 -1.229255674129651
9 140 97 -1.7568826465694023
9 140 105 -0.5287349642386634
11 66 75 0.5597781380737743
11 66 127 -0.37071555377122856
11 75 66 -0.521373078918578
11 75 136 -0.5808236186753004
11 127 66 0.34879244323526104
11 127 136 1.689017405836975
11 136 75 0.722587262899811
11 136 127 -0.662897837172609
12 57 89 0.18299717536534138
12 57 113 0.6802165900593713
12 65 73 1.0740897165794119
12 65 129 1.1674797005991788
12 73 65 -0.8580042643947108
12 73 137 -0.7494367744090072
12 89 57 -0.0922858752317355
12 89 145 1.0290987994915135
12 113 57 -1.179543088664818
12 113 145 0.5877373518520805
12 129 65 1.7459780410069432
12 129 137 -1.144444376780314
12 137 73 -0.9181317961846246
12 137 129 0.36652504173925965
12 145 89 -0.6483176287053807
12 145 113 -1.2221255937946824
13 60 77 -1.744878321280242
13 60 125 -1.0844592772628299
13 65 70 1.4569387631848931
13 65 132 -0.08117681737331953
13 70 65 -1.5133134394587786
13 70 137 -0.33950846150496944
13 77 60 -0.5638420069743919
13 77 142 -0.84624067149825
13 125 60 1.2942463301776463
13 125 142 0.47298817413442745
13 132 65 -0.548819633647856
13 132 137 0.0501543091446087
13 137 70 0.2369678023264601
13 137 132 0.5551439311502491
13 142 77 -0.6975966534634519
13 142 125 -1.6004435517819962
15 50 99 0.09105671097788982
15 50 103 -0.4160603248483788
15 59 72 -0.12352349676823542
15 59 130 -0.6569783924806236
15 72 59 -0.04652004135869902
15 72 143 0.534552595157658
15 99 50 0.9695108268663463
15 99 152 0.12326936799872246
15 103 50 1.2414400789165505
15 103 152 1.5768320006443892
15 130 59 -0.8386363696198741
15 130 143 -0.053990647730648246
15 143 72 2.6074345440000224
15 143 130 0.646476362651188
15 152 99 0.6758275992656372
15 152 103 -0.4243372191642778
18 47 87 0.05366774139684696
18 47 115 -1.3701044592957876
18 87 47 -0.33847397229077714
18 87 155 0.9441846690100568
18 115 47 1.7211080257506355
18 115 155 0.03375728589346714
18 155 87 -0.5483520057912603
18 155 115 0.04956224764103485
19 47 82 0.12819480793297783
19 47 120 1.0177716799718375
19 50 75 -0.8775851870979366
19 50 127 -0.22635789270996606
19 75 50 0.8685761844420276
19 75 152 -0.5588846597621244
19 82 47 -0.34220588913256356
19 82 155 0.10027311562120408
19 120 47 0.11388805806992058
19 120 155 -0.41631708861278716
19 127 50 -0.8535820835978393
19 127 152 0.009994988751506301
19 152 75 -0.2536590641651206
19 152 127 -0.2583221170021454
19 155 82 0.6782171485502121
19 155 120 0.6223610553147829
21 41 100 -2.6876270750687383
21 41 101 -0.3504423143376738
21 41 102 0.034494787502985985
21 46 77 -1.2485749019157566
21 46 125 -0.9515420090218829
21 53 65 1.6670169165610653
21 53 137 0.2733917817821688
21 65 53 -0.07042617840888274
21 65 149 -0.7691493254190382
21 77 46 0.19902048142446163
21 77 156 -0.7160408106604731
21 100 41 -1.1682989498955945
21 100 161 0.5848990659646228
21 101 41 0.46073892284695467
21 101 161 0.49407379865333934
21 102 41 -0.6694438681074218
21 102 161 0.024574585357740254
21 125 46 -1.1295669947705784
21 125 156 0.3659962373268602
21 137 53 -0.20115409849704824
21 137 149 0.23299082403420632
21 149 65 -0.037911929572902896
21 149 137 0.6137961809604982
21 156 77 -0.8209663333368442
21 156 125 -1.4514688752074425
21 161 100 0.44604271999521045
21 161 101 -0.527925642183453
21 161 102 -0.11955772195269479
23 40 87 -0.6708099172781807
23 40 115 -0.12417819744271469
23 87 40 -0.3538915855400553
23 87 162 -0.19966883974070326
23 115 40 -0.5501891425370515
23 115 162 0.6704293815382389
23 162 87 0.022037729956766366
23 162 115 2.0811278693699915
24 47 67 -0.527180519890432
24 47 135 0.6401693717346859
24 67 47 0.024119363049070537
24 67 155 0.9103941448029021
24 135 47 -1.8766234982830197
24 135 155 -0.6198950480666976
24 155 67 0.9396626607367503
24 155 135 -0.302689633529923
25 36 101 -0.49790636417276873
25 38 85 0.05198133587146256
25 38 117 -0.012863231911091396
25 41 76 -0.0809346344222133
25 41 126 0.7737476328840271
25 45 68 1.189323856732568
25 45 134 1.4891806436181598
25 49 62 -0.10585012260638932
25 49 140 -2.9416607798492804
25 62 49 -0.20557517213724905
25 62 153 -0.33686406256568174
25 68 45 -0.23296984091408285
25 68 157 1.1616550245859227
25 76 41 -0.5136913348873602
25 76 161 -0.8395758215011986
25 85 38 0.5798323543128673
25 85 164 1.3051244577800616
25 101 36 0.882393946749647
25 101 166 -0.4399050253589956
25 117 38 -1.3399622692816089
25 117 164 -1.1567030502910312
25 126 41 -0.38736631849198244
25 126 161 0.6000868160857524
25 134 45 1.1783225747043584
25 134 157 -0.48178169989498787
25 140 49 2.6090436409407167
25 140 153 0.8913014792156022
25 153 62 -0.34795123166640674
25 153 140 0.34880962781342334
25 157 68 0.06773112940271124
25 157 134 1.4351272502158898
25 161 76 0.2550220843033031
25 161 126 0.6340712266866847
25 164 85 0.3944729003827934
25 164 117 -0.2617417585864694
25 166 101 -0.06979539093884758
27 34 95 1.1584083952755009
27 34 107 0.20506817317899903
27 35 88 -1.0324302143008646
27 35 114 1.4193483908008986
27 51 56 -1.1414594159624467
27 51 146 1.8291842519557533
27 56 51 -0.30344659687554637
27 56 151 1.9375000451104583
27 88 35 -0.4937259505149009
27 88 167 0.7546000460736633
27 95 34 -0.08950085050146693
27 95 168 -0.12247382394278732
27 107 34 0.20144135719849546
27 107 168 0.6038351116360355
27 114 35 0.6030205597645681
27 114 167 0.9838671044728241
27 146 51 -0.42649319865018626
27 146 151 -1.265038024600032
27 151 56 0.9994978781749378
27 151 146 2.401346124195178
27 167 88 -0.5552085227311058
27 167 114 -0.36694375761702924
27 168 95 -0.18104221064921883
27 168 107 -0.38429238048901315
28 37 77 -0.09978372684662432
28 37 125 1.190699557742417
28 77 37 1.1156695505514371
28 77 165 -0.21641837255405322
28 125 37 0.7649482050321064
28 125 165 -0.17167849468781096
28 165 77 -1.8336576580932347
28 165 125 0.7586387907480884
29 45 60 0.1941236415637716
29 45 142 -1.5391527567935939
29 60 45 -1.3675967390375583
29 60 157 -0.01399458705455376
29 142 45 -0.5173913934838316
29 142 157 0.6280114832840133
29 157 60 0.9223081046791451
29 157 142 -1.3953958997221585
31 50 51 1.6264341820250185
31 50 151 -0.1550977043071042
31 51 50 -0.6467017627763562
31 51 152 -1.0579849208693386
31 151 50 0.3706933657748906
31 151 152 -1.5438571944631188
31 152 51 -0.7781952099769679
31 152 151 0.755035827993194
34 27 95 -0.15418211580628136
34 27 107 -0.5880474321081307
34 35 67 -0.31781294076171374
34 35 135 -0.569364866614473
34 67 35 0.4978125903683972
34 67 167 1.31815011203716
34 95 27 1.4103668146322617
34 95 175 0.816610496509654
34 107 27 -1.1810882423057958
34 107 175 -2.9498037204640797
34 135 35 -0.8383892021737969
34 135 167 0.892189341149897
34 167 67 -0.3374656677694135
34 167 135 0.32649477403251154
34 175 95 -1.33317215387379
34 175 107 0.5496135040085514
35 27 88 -0.21597338732539284
35 27 114 0.2077761889624702
35 34 67 2.027819798553598
35 34 135 0.5556571123014964
35 67 34 0.1976048537659914
35 67 168 0.8784770940872474
35 88 27 0.2861973634784354
35 88 175 0.30104047003178613
35 114 27 -0.23109231001542455
35 114 175 0.6320165589934686
35 135 34 -0.8794153059977086
35 135 168 1.3813174698946276
35 168 67 -0.31878837759484335
35 168 135 -1.7636900919351464
35 175 88 -0.42711259237856153
35 175 114 0.5918856109705725
36 25 101 -0.9719952145067889
36 101 25 -1.1168305852173388
36 101 177 -1.078501892371136
36 177 101 -0.9482970326091296
37 28 77 -0.28914217972873446
37 28 125 -0.25885231775065304
37 38 57 0.7010531326648911
37 38 145 0.3072960669640287
37 41 53 -1.6577107620327498
37 41 149 -1.179530747691932
37 53 41 -0.06189955296811004
37 53 161 0.9325986054199058
37 57 38 1.4051477704468311
37 57 164 -1.5272907646249718
37 77 28 -0.27968558189293363
37 77 174 0.8869834620863871
37 125 28 -0.492186553385747
37 125 174 -0.9328303961324417
37 145 38 0.832768120921289
37 145 164 0.17052269537852133
37 149 41 -0.6107380394809167
37 149 161 -0.9528988179239634
37 161 53 -0.6386416187107808
37 161 149 1.7100421676411133
37 164 57 0.6966736878833482
37 164 145 -0.5234177016037009
37 174 77 -0.0016898422517829513
37 174 125 0.014752828657233904
38 25 85 -0.9130573069294403
38 25 117 -2.51227932932389
38 37 57 -1.6645017130694248
38 37 145 1.456098706845823
38 57 37 0.6745904790079026
38 57 165 -0.4260220155839676
38 85 25 0.7240610826135625
38 85 177 -1.28911941614501
38 117 25 -0.07639678650947865
38 117 177 0.3797573938539638
38 145 37 0.052754618043653806
38 145 165 -0.8923930946405026
38 165 57 0.3264553142424539
38 165 145 0.5101740152636272
38 177 85 0.11786209035904092
38 177 117 1.5202022488908749
40 23 87 -0.789988372442183
40 23 115 -1.6360150918471903
40 43 47 -1.6004603882918407
40 43 155 -0.5173717781889517
40 47 43 0.8816706665274593
40 47 159 0.7861177788592935
40 87 23 0.3432262715925024
40 87 179 -0.05548602485194993
40 115 23 -0.16322441799386336
40 115 179 1.9602321551207451
40 155 43 0.7134532742678379
40 155 159 -1.585554088579537
40 159 47 1.475983455943114
40 159 155 2.207054504517118
40 179 87 0.6470636507405463
40 179 115 0.2811518162546041
41 21 100 0.2163434863767325
41 21 101 0.2955307537177665
41 21 102 -0.7481107772141209
41 25 76 1.3128158570407744
41 25 126 -1.8775899182893923
41 37 53 -1.0394321572873382
41 37 149 0.011567037139139856
41 53 37 -1.6131949487738517
41 53 165 0.3727433549507972
41 76 25 -0.18328019225076211
41 76 177 0.7623660589328831
41 100 21 1.947618423467805
41 100 181 -0.24723454447991416
41 101 21 -0.055121992440784084
41 101 181 0.6242637329918237
41 102 21 -1.3133389187814688
41 102 181 -0.29320640232485984
41 126 25 1.0320987821119492
41 126 177 -0.143826490623024
41 149 37 -0.46953592803058647
41 149 165 -0.029155894862753603
41 165 53 -0.5385606031051243
41 165 149 2.1948840375539134
41 177 76 -0.44038012299167406
41 177 126 -2.363849675684888
41 181 100 -0.24780971420390374
41 181 101 -1.8321403535588714
41 181 102 0.3134957251475104
43 40 47 -0.33397026391987455
43 40 155 -0.6060740595842642
43 47 40 0.6846686852787996
43 47 162 -0.8992512037341873
43 155 40 0.03638086893601195
43 155 162 -0.6208123728431993
43 162 47 -0.971508070631827
43 162 155 -0.03976573864958081
45 25 68 0.6352190163153419
45 25 134 -1.0844647451399545
45 29 60 0.19950699219565327
45 29 142 -0.2657795713535033
45 60 29 -0.7315282854346256
45 60 173 -0.0816308654666945
45 68 25 -2.4108835457577484
45 68 177 0.9670562134176641
45 134 25 -0.26101496707685123
45 134 177 0.6746609576878517
45 142 29 -0.5261872842234113
45 142 173 -1.8130754489871435
45 173 60 -0.3140905586617989
45 173 142 -0.7851952099064675
45 177 68 1.1319906374050344
45 177 134 0.49698867385118767
46 21 77 0.3775742789260793
46 21 125 0.34528221400259573
46 77 21 -0.13205231054292554
46 77 181 1.4127914848039378
46 125 21 0.4045442937722883
46 125 181 -0.4810895900808199
46 181 77 0.33829532291645054
46 181 125 -1.5512057191273878
47 18 87 -1.2245918067742971
47 18 115 -0.8636694823068816
47 19 82 -1.330316734028987
47 19 120 -0.4981784546244453
47 24 67 2.2202379046771417
47 24 135 1.4440192487119807
47 40 43 0.6346246818819211
47 40 159 -1.628122937552558
47 43 40 0.1079187900235421
47 43 162 -0.15411415589937297
47 67 24 2.3042759460319595
47 67 178 -0.5640031271486874
47 82 19 0.09196505977157443
47 82 183 -0.8233579364899523
47 87 18 -0.02050646085853731
47 87 184 0.3857415986143827
47 115 18 -0.7665593198891901
47 115 184 0.452574005103634
47 120 19 0.7647907208645907
47 120 183 -1.8999443451377829
47 135 24 -0.3603613040632248
47 135 178 -0.1779247227757308
47 159 40 0.251435492872058
47 159 162 0.6267897829115285
47 162 43 -0.6819577483352516
47 162 159 0.9900438517966423
47 178 67 0.6864972063339713
47 178 135 -0.9851311911859932
47 183 82 0.6165282599933879
47 183 120 -0.008684594397656353
47 184 87 1.7476488211911785
47 184 115 0.9859861758629556
49 25 62 0.3768522593705413
49 25 140 1.1953673262627984
49 62 25 0.9612687491539724
49 62 177 -0.8454235645761536
49 140 25 0.7212167133591918
49 140 177 -0.12282508135209276
49 177 62 -0.04707637803443859
49 177 140 -0.19268459315482847
50 15 99 -3.99567158900706
50 15 103 0.4532890851264053
50 19 75 0.49653465675044856
50 19 127 -1.0314050434475146
50 31 51 -0.941268049330713
50 31 151 1.0152635870481743
50 51 31 -0.895314829157551
50 51 171 1.1763676551174251
50 75 19 -1.1576315074333678
50 75 183 1.0341974236634413
50 99 15 0.19892966265485942
50 99 187 1.4179351840900039
50 103 15 -0.4453352683250218
50 103 187 -0.3071142330672187
50 127 19 -0.7872955299590516
50 127 183 -0.8106056793140258
50 151 31 -1.5240356667966242
50 151 171 0.0776962793729191
50 171 51 -1.0458300432394623
50 171 151 -0.2693790895788242
50 183 75 0.7299294205109549
50 183 127 -1.2509607202985862
50 187 99 -1.5753980849253653
50 187 103 -1.1695433398241846
51 27 56 -1.5956315786950246
51 27 146 0.31699801790171334
51 31 50 0.8122456717521525
51 31 152 -0.4154432376923246
51 50 31 -0.5824556327451583
51 50 171 1.3146579756961818
51 56 27 -0.28118167304662955
51 56 175 -0.7684670598453776
51 146 27 0.5472398664044252
51 146 175 -1.2701474962117605
51 152 31 -0.07162844095491458
51 152 171 -1.0700651875394764
51 171 50 -0.6691047406401788
51 171 152 -0.15763976313188088
51 175 56 1.6649550283823211
51 175 146 0.9065123773881949
53 21 65 1.1357703552992762
53 21 137 0.7717590353158305
53 37 41 -0.7325357140328281
53 37 161 -0.6427324337850203
53 41 37 0.4531015171966769
53 41 165 0.5175053414380992
53 65 21 0.43629977784520135
53 65 181 0.25375829915907533
53 137 21 0.4993463569009386
53 137 181 -0.7169748097893641
53 161 37 -1.7854654509259729
53 161 165 -1.5204762572077641
53 165 41 -0.5341040843134496
53 165 161 0.1788645254502417
53 181 65 -2.69556083905637
53 181 137 0.6279531127748496
56 27 51 -1.7810455088291497
56 27 151 -1.4666858376413576
56 51 27 0.2672620475644259
56 51 175 -2.383024316571127
56 151 27 0.7038292322763596
56 151 175 0.17038302855213722
56 175 51 0.27937215812718685
56 175 151 0.8373089808650401
57 12 89 -0.23461125177299133
57 12 113 1.8616661390214952
57 37 38 -0.349808100679352
57 37 164 1.1993377552067461
57 38 37 -0.6003522503723824
57 38 165 -0.7802955684173201
57 89 12 2.0799275416577743
57 89 190 0.6945383893864813
57 113 12 0.1160605389875916
57 113 190 -0.95176975067016
57 164 37 0.6990409641311844
57 164 165 1.225786958776091
57 165 38 0.2545415478720985
57 165 164 -0.28780448623060984
57 190 89 -1.389125368755956
57 190 113 0.2578797067452764
59 15 72 0.6307770401590901
59 15 130 0.7125741392941234
59 72 15 -0.04723925999276909
59 72 187 -0.1704133533679646
59 130 15 -1.8314881067344153
59 130 187 -0.5471393482107649
59 187 72 0.3944234326301977
59 187 130 1.209342966485758
60 13 77 0.7281883122830748
60 13 125 0.47298636929205934
60 29 45 0.8635304712720852
60 29 157 1.1949264267781436
60 45 29 0.6873773544999555
60 45 173 -0.35856395303066046
60 77 13 0.7403000315363081
60 77 189 1.5407128986033383
60 125 13 0.40084068755998425
60 125 189 0.33541841609063616
60 157 29 -0.9901246160458281
60 157 173 -0.6667073657417752
60 173 45 0.21119469468810734
60 173 157 0.4245613657941929
60 189 77 0.689662517109432
60 189 125 1.3504832483730829
62 9 97 -0.23712176898786974
62 9 105 0.9489197534641182
62 25 49 0.8844006701744767
62 25 153 0.5853678233431846
62 49 25 0.35724865124897376
62 49 177 1.3962267375805573
62 97 9 0.10020290196878048
62 97 193 -0.6760106273756036
62 105 9 1.0280550444782386
62 105 193 -0.5624094455048507
62 153 25 -1.1084147370838235
62 153 177 -2.2258335203590436
62 177 49 -0.6413355670472948
62 177 153 0.3217141238805181
62 193 97 1.261302139987815
62 193 105 -0.03310716933314324
65 12 73 0.0779627483982123
65 12 129 -3.022631497380871
65 13 70 -0.6056182195640787
65 13 132 0.3014806734180036
65 21 53 0.3330574743957278
65 21 149 0.6430498748341821
65 53 21 -1.1329530374750927
65 53 181 -0.23208872123111568
65 70 13 -0.1715689742670073
65 70 189 0.09573581309822839
65 73 12 -0.9253101604938293
65 73 190 -1.1357756053752737
65 129 12 1.6553481009017303
65 129 190 -0.7279512992421528
65 132 13 -0.7798035277334333
65 132 189 -0.5930402744575611
65 149 21 0.5110294745137927
65 149 181 0.8545246522671351
65 181 53 -1.9568760261646714
65 181 149 -1.3272732273032681
65 189 70 -1.1924063256349058
65 189 132 -0.5584533202858921
65 190 73 1.3111834959622561
65 190 129 0.09576488070617012
66 11 75 0.5494327911312796
66 11 127 -1.0719375774124438
66 75 11 0.7692706158135633
66 75 191 1.5258747107584123
66 127 11 -2.7485152632757424
66 127 191 1.7403259512474856
66 191 75 0.19355886791384766
66 191 127 0.5388286202439831
67 7 98 -0.09763834898067178
67 7 104 0.4046519758079521
67 8 87 1.0585325506229448
67 8 115 -2.202126043817256
67 24 47 0.7889045201473277
67 24 155 -0.02794148220839543
67 34 35 -1.2731326360165616
67 34 167 1.2194883088406796
67 35 34 -0.6919203840941329
67 35 168 -1.6502165917832086
67 47 24 0.2915274561822631
67 47 178 0.42548920519707994
67 87 8 1.3441202672020771
67 87 194 0.0554460346657743
67 98 7 1.2738923433129739
67 98 195 -0.23633579416964903
67 104 7 0.11259655897968013
67 104 195 0.37416849640986166
67 115 8 -0.4401057431067305
67 115 194 -0.32224005110724196
67 155 24 0.4250817035705441
67 155 178 -0.353686243045344
67 167 34 -0.5551095155289566
67 167 168 0.2003579689581541
67 168 35 -0.08458182953909046
67 168 167 1.1391277214198183
67 178 47 -0.9698710042884939
67 178 155 0.8716917672641818
67 194 87 -0.7768780182446363
67 194 115 -0.9196444963496135
67 195 98 -0.5098331956253824
67 195 104 0.9960917807662362
68 25 45 -0.43674804034635023
68 25 157 -0.7230367659227255
68 45 25 -0.5434275409514902
68 45 177 0.0856494660223446
68 157 25 -0.8895152763211364
68 157 177 -1.5753530628437948
68 177 45 -0.5203192513251627
68 177 157 1.188451329558074
70 9 77 -0.9677891744620171
70 9 125 -0.809622170695417
70 13 65 -0.2884466539281332
70 13 137 -0.5168658258572771
70 65 13 1.1879256412381616
70 65 189 0.045379037852978865
70 77 9 -0.6113746676109972
70 77 193 0.20203531873089975
70 125 9 -1.6362791618739665
70 125 193 -1.65418247816571
70 137 13 0.2482977544959362
70 137 189 1.5667546505078334
70 189 65 -0.3372176346818962
70 189 137 -0.0669285041258934
70 193 77 0.2902060015793461
70 193 125 1.4503156656390432
72 7 83 0.47261214708264293
72 7 119 -0.5488729813132783
72 15 59 -1.3426237306821176
72 15 143 -0.08466112465767532
72 59 15 0.3780989302414993
72 59 187 -1.7839646421287876
72 83 7 2.337620401040414
72 83 195 1.369582292477488
72 119 7 -2.247367273103975
72 119 195 0.8044000558373499
72 143 15 -0.34078071551798955
72 143 187 1.0540246670433986
72 187 59 1.2022944703668441
72 187 143 0.6448308094784103
72 195 83 0.6948554268484652
72 195 119 0.6539332056041082
73 5 100 1.7512413799002333
73 5 101 -0.6992589221524791
73 5 102 -0.27251671395531685
73 12 65 -0.468548274919085
73 12 137 0.6013894370525468
73 65 12 -0.7773475135700173
73 65 190 0.6075206366863999
73 100 5 -1.0228622776878242
73 100 197 1.064917084595375
73 101 5 -0.9106011754878818
73 101 197 -0.811103969745275
73 102 5 -0.8006327279228772
73 102 197 -0.27841796558094734
73 137 12 0.35539082131081706
73 137 190 0.6744280731469384
73 190 65 -0.7041635950754357
73 190 137 0.5142352437075094
73 197 100 -1.1786372430604253
73 197 101 0.35804982723954604
73 197 102 1.0343055984883385
75 8 75 0.04295009553769118
75 8 127 -1.63090649470396
75 11 66 0.2088948767330945
75 11 136 -0.08019084066885955
75 19 50 0.7957474851796024
75 19 152 0.5457162445025907
75 50 19 -1.2019229356565255
75 50 183 -1.4281364691484106
75 66 11 -1.4250339038884696
75 66 191 -1.5524858784522804
75 75 8 0.7689080678756349
75 75 194 -0.08522652231282575
75 127 8 -1.3860653294328293
75 127 194 -0.2223787732321607
75 136 11 -0.33561417746207595
75 136 191 0.10433245960678211
75 152 19 -1.0690291287549716
75 152 183 0.15599124485954796
75 183 50 0.2861248524791917
75 183 152 1.5742698759260634
75 191 66 -0.6332905744829073
75 191 136 1.0175998582792256
75 194 75 -0.9419967355708911
75 194 127 -0.5857952293956276
76 25 41 1.3430665989529305
76 25 161 -1.098220466439881
76 41 25 0.32696823422147664
76 41 177 -0.28023488805189795
76 161 25 0.020368541678942788
76 161 177 -1.4881703718990706
76 177 41 -0.19773521100024907
76 177 161 0.7534168399048911
77 4 97 -0.132780987372312
77 4 105 -0.5599632932977164
77 6 81 0.9393801661066679
77 6 121 1.305815784401085
77 9 70 0.6747927123151067
77 9 132 -0.10794899155184953
77 13 60 0.1904363319133342
77 13 142 -0.4045984678931635
77 21 46 0.6714312000328188
77 21 156 -0.9337538536303586
77 28 37 0.29564031411337177
77 28 165 -1.649286235550412
77 37 28 -1.65576736100764
77 37 174 -0.16698435496802425
77 46 21 0.8037861018595003
77 46 181 0.4238472283781337
77 60 13 -0.5278124848464721
77 60 189 0.847661750283847
77 70 9 0.35086015886377736
77 70 193 -1.1223859638976037
77 81 6 -0.8331560412230116
77 81 196 0.2307405549113427
77 97 4 0.46111246614956225
77 97 198 0.11261252753057877
77 105 4 2.028436495986038
77 105 198 0.007318902755407893
77 121 6 1.3327218568181383
77 121 196 -0.5637838899413684
77 132 9 -0.40153530074764193
77 132 193 0.22176361353524524
77 142 13 -0.09034901834174869
77 142 189 -0.24549717120391668
77 156 21 -1.8692198753212173
77 156 181 -0.7995885574386574
77 165 28 -0.8269002669444955
77 165 174 0.8725004257380721
77 174 37 0.3708036608601764
77 174 165 0.6052433974436587
77 181 46 1.624075268377628
77 181 156 -0.23751225440664
77 189 60 -0.5254788710226677
77 189 142 -1.439948132052988
77 193 70 0.6484493104390562
77 193 132 0.07844195373360409
77 196 81 -1.5684688949846648
77 196 121 -1.1627076825682214
77 198 97 0.3187302547417278
77 198 105 0.6814661918923759
78 5 85 -0.18995914084637341
78 5 117 -0.3767851529251845
78 85 5 0.6944148015970898
78 85 197 -0.6219267208315077
78 117 5 -0.05766211463858863
78 117 197 0.4159703144439331
78 197 85 -1.602128007866534
78 197 117 -1.365765481256969
81 6 77 -1.3260993878420821
81 6 125 0.2804914105523239
81 77 6 0.6709114246194994
81 77 196 0.5452092533620264
81 125 6 -0.9479584930521578
81 125 196 -1.1214317999520107
81 196 77 1.564299855494368
81 196 125 0.6350796460586193
82 3 95 0.32801203917490657
82 3 107 -0.3261071037108586
82 19 47 -1.5412121168248545
82 19 155 -2.3488028037128514
82 47 19 0.831838719900787
82 47 183 0.5493623255937079
82 95 3 -0.27042163643080336
82 95 199 1.6628131803569133
82 107 3 -1.0379378767286433
82 107 199 -1.185989035713137
82 155 19 0.17161123315978918
82 155 183 1.550693078750984
82 183 47 -0.9786070874259156
82 183 155 1.0666735558786362
82 199 95 -0.18816487224899456
82 199 107 0.593937320283482
83 7 72 0.06038749582969195
83 7 130 1.3424452120160453
83 72 7 0.2897736602527449
83 72 195 0.5912871346226224
83 130 7 0.2727823619176658
83 130 195 -0.6302562065231878
83 195 72 0.7897346165867608
83 195 130 1.4551675544406557
85 5 78 0.3566552961599117
85 5 124 0.17769982047861854
85 25 38 -0.11713068524310334
85 25 164 0.23777416399423904
85 38 25 -0.5989035783677094
85 38 177 -1.408635254884037
85 78 5 -0.7463364752824216
85 78 197 1.0938389067005543
85 124 5 -2.0011834628252
85 124 197 -0.5419976189519654
85 164 25 -1.6999239009511458
85 164 177 -0.4288667728459159
85 177 38 0.9141057386821896
85 177 164 0.7041414007436172
85 197 78 1.145395940509773
85 197 124 -0.6260026343476836
87 2 99 0.8580984436704099
87 2 103 1.2542068994895457
87 8 67 2.2860639773728413
87 8 135 0.749195372040462
87 18 47 1.2792905893811184
87 18 155 -0.5615721623375564
87 23 40 -0.14542254596455376
87 23 162 -0.032937906745915006
87 40 23 0.8258737527327276
87 40 179 -0.12838556480024285
87 47 18 -0.444947089263408
87 47 184 0.7920144165023723
87 67 8 1.112084120677437
87 67 194 1.11963774445909
87 99 2 -1.7906078844234792
87 99 200 0.819263818466083
87 103 2 1.175769707256715
87 103 200 0.9012792194419154
87 135 8 0.19265843542269315
87 135 194 -0.8064791197651483
87 155 18 -1.5351169222389813
87 155 184 -0.34626215411348954
87 162 23 -0.09388328763997113
87 162 179 -0.8295434719583588
87 179 40 0.08060605698971628
87 179 162 -0.7887402006300358
87 184 47 -0.3477783272724015
87 184 155 -0.3931828151917274
87 194 67 0.3069612657266911
87 194 135 1.5254869053448596
87 200 99 -1.306605290215647
87 200 103 0.25541539344886444
88 27 35 0.6580010753845502
88 27 167 -0.8678236623902873
88 35 27 -1.5890229857316467
88 35 175 -0.19080242503254574
88 167 27 0.09753509419187975
88 167 175 0.3634684232616985
88 175 35 0.6893510250485224
88 175 167 0.0018904119223345256
89 12 57 -1.4466675773070152
89 12 145 -0.7696547201912016
89 57 12 0.6020959242442582
89 57 190 0.8033444161253304
89 145 12 -0.13342407342520782
89 145 190 0.8828770770804382
89 190 57 -2.0437868312732386
89 190 145 -0.7570633759617023
91 2 91 0.3528496163005298
91 2 111 -0.547157989038124
91 91 2 -0.32818047517529536
91 91 200 2.46094813502334
91 111 2 -0.3177096886737956
91 111 200 -1.003487131581802
91 200 91 -0.5329115718937762
91 200 111 1.5832864257212187
95 3 82 0.46190569835749407
95 3 120 -0.4327774700070027
95 27 34 1.2277253613888748
95 27 168 1.0346811932722297
95 34 27 0.6182704405951684
95 34 175 0.34498533961314254
95 82 3 -2.532249724251696
95 82 199 1.9406809877018567
95 120 3 -0.2193043980095629
95 120 199 2.4748568633570796
95 168 27 1.092778250403605
95 168 175 -1.1739307013491567
95 175 34 -1.3966619329369994
95 175 168 0.8997337246513349
95 199 82 0.4573802845651085
95 199 120 -0.2565332088270149
97 4 77 -0.3118628157278782
97 4 125 0.5780302566190683
97 9 62 -0.8151815949464577
97 9 140 0.7915031649233918
97 62 9 0.42810876075574844
97 62 193 2.5545382821130533
97 77 4 -0.030511197089467364
97 77 198 -0.4583128360742745
97 125 4 0.893994590429802
97 125 198 -0.8427559541697639
97 140 9 -2.2054934842000398
97 140 193 1.720158480953956
97 193 62 -0.5747516649309617
97 193 140 0.1564543958776353
97 198 77 0.536087055008181
97 198 125 1.2730904108859633
98 7 67 0.2382575638482462
98 7 135 0.7829486508019254
98 67 7 0.682465291416728
98 67 195 -1.3137022281998354
98 135 7 -1.0801401143082547
98 135 195 -0.2753771548869509
98 195 67 0.5338904232820392
98 195 135 -1.4219883372882351
99 2 87 -0.16481778612903406
99 2 115 -0.773803843292008
99 15 50 -2.191379949191626
99 15 152 -1.4021079428946392
99 50 15 -1.0649625811530519
99 50 187 -0.244414412144468
99 87 2 0.6200695016222955
99 87 200 0.40117100700728076
99 115 2 0.7285397206767912
99 115 200 2.3454629408804455
99 152 15 0.6076261749033375
99 152 187 2.3636312368358907
99 187 50 -0.3410659075466984
99 187 152 -1.931943505212619
99 200 87 -0.23475228097753842
99 200 115 1.5373537554770458
100 1 101 0.1407107719083118
100 5 73 0.7320081650149611
100 5 129 -0.7741789236837118
100 21 41 -1.253153763192791
100 21 161 0.023172544992283217
100 41 21 -1.3043240109498975
100 41 181 0.6897667526757417
100 73 5 0.19764100453933453
100 73 197 0.6757022539369327
100 101 1 1.1673757793298236
100 101 201 0.5449777871336854
100 129 5 0.8651002947497763
100 129 197 -0.060948972531361015
100 161 21 0.12775660886602236
100 161 181 -2.0802031971235238
100 181 41 -0.6999871203443983
100 181 161 -0.5582512228480851
100 197 73 0.2257944986995385
100 197 129 -0.17037726620451663
100 201 101 0.6068123561527503
101 1 100 -0.7081124709807745
101 1 101 0.6120852141617809
101 1 102 0.7806547987122878
101 5 73 -0.7165208949712434
101 5 129 -1.0667516821946912
101 21 41 -1.0376802026668286
101 21 161 -1.1879955951642343
101 25 36 -2.0810603738882
101 25 166 1.1086754042136224
101 36 25 -0.22481794546092657
101 36 177 -0.3455942009332604
101 41 21 1.2380843823416918
101 41 181 -1.0705166079603248
101 73 5 -2.2640375291763957
101 73 197 -0.4682852216525337
101 100 1 -0.6674882660747626
101 100 201 -1.2611543556758733
101 101 1 -1.389353668311156
101 101 201 1.1092682494859183
101 102 1 0.41671449042371117
101 102 201 1.6398336841825105
101 129 5 -0.6405258063106398
101 129 197 0.5051762831680683
101 161 21 0.803412188248088
101 161 181 0.23790621367336448
101 166 25 -0.35480207966995375
101 166 177 -0.007772409606174294
101 177 36 1.2413375831465567
101 177 166 -0.18929947529743238
101 181 41 0.29564252957916776
101 181 161 0.21740393873062172
101 197 73 0.7307990225713886
101 197 129 -1.718624797331035
101 201 100 0.7563743291957148
101 201 101 -0.4237620123656382
101 201 102 0.7315451693631497
102 1 101 0.4416813085323902
102 5 73 1.2633936496484024
102 5 129 -1.4844298748505664
102 21 41 1.2259799835301612
102 21 161 0.872017747571118
102 41 21 -0.07936765126523408
102 41 181 0.03958599780044213
102 73 5 -0.23816308101183503
102 73 197 2.4923734356208787
102 101 1 1.3552027409727576
102 101 201 0.7812243011450699
102 129 5 -1.439324802672686
102 129 197 1.6370361674505896
102 161 21 1.2886129659615853
102 161 181 0.9918349388592976
102 181 41 -1.0629989485161286
102 181 161 -0.20501226046014687
102 197 73 -1.1709875326067423
102 197 129 -1.7436931578198234
102 201 101 0.27359599302983617
103 2 87 0.4054068138662762
103 2 115 -1.0086592147963855
103 15 50 -0.6481440857389966
103 15 152 -1.4299082089631554
103 50 15 -1.4494256660521034
103 50 187 -0.6255948156970651
103 87 2 0.5594967261533238
103 87 200 1.7297682135047385
103 115 2 -1.6496955160511928
103 115 200 0.1883665008107568
103 152 15 2.4673969309244494
103 152 187 -0.040419439374589514
103 187 50 -0.676358445416124
103 187 152 -0.003768624190623573
103 200 87 0.508816237274464
103 200 115 -1.5690125228531777
104 7 67 -0.22528178480197464
104 7 135 -0.7931839198066649
104 67 7 0.6734358714481907
104 67 195 0.0674866354149864
104 135 7 -0.5564695550525646
104 135 195 1.8053900622414831
104 195 67 2.1002788812619646
104 195 135 -1.6587242771752446
105 4 77 0.34581181153744034
105 4 125 -0.5510834966247429
105 9 62 -0.5792683809532534
105 9 140 -0.5076661523582657
105 62 9 1.0073894919468527
105 62 193 0.23074204398832332
105 77 4 0.12052861145714688
105 77 198 1.8436411747217964
105 125 4 -1.4779998198471063
105 125 198 -1.3636992094343756
105 140 9 0.4032675153674147
105 140 193 0.8326438507519324
105 193 62 -1.3647132069651517
105 193 140 -1.8702699115425405
105 198 77 -0.8529451297128551
105 198 125 0.7146119937465101
107 3 82 0.42154088333378964
107 3 120 0.5636395121069867
107 27 34 0.1497847478219571
107 27 168 -0.7111915442632958
107 34 27 0.1759841207998963
107 34 175 -0.8029129529894338
107 82 3 -1.8416060903773022
107 82 199 -0.8557446508233343
107 120 3 2.390356768525247
107 120 199 -0.22905065040922146
107 168 27 0.4156723926891773
107 168 175 -0.5104832396951047
107 175 34 -2.670618405909834
107 175 168 0.15558937407404125
107 199 82 1.244350887896028
107 199 120 0.19562266077197293
111 2 91 0.5813104520230756
111 2 111 0.6067979456309868
111 91 2 1.001041539911826
111 91 200 -0.570907182884201
111 111 2 1.1961504004956818
111 111 200 -0.5348940075587719
111 200 91 -0.03967692119436311
111 200 111 0.41742969533382057
113 12 57 0.9596168126564942
113 12 145 -0.3630826202173714
113 57 12 -1.2495067792543184
113 57 190 0.14952121914572755
113 145 12 -0.2957119944807203
113 145 190 -0.41299896733659985
113 190 57 0.30215976602933053
113 190 145 0.07052835590052285
114 27 35 0.1740553208514489
114 27 167 -0.8355071092115713
114 35 27 -0.058424762403754264
114 35 175 -1.1700922432533933
114 167 27 0.8668600580166758
114 167 175 0.038785447845926364
114 175 35 0.7856610137664185
114 175 167 -1.0380843841740246
115 2 99 0.9290052418292896
115 2 103 0.1131079323523749
115 8 67 1.1374409085681807
115 8 135 0.49467411119466587
115 18 47 -1.4179551785788143
115 18 155 -0.9654540534979915
115 23 40 0.1984536045093404
115 23 162 0.4242221991128529
115 40 23 -0.8673781212715624
115 40 179 1.4593284955439978
115 47 18 1.3940976339459417
115 47 184 0.5759650444077138
115 67 8 0.1792874226931705
115 67 194 -1.4760168854505715
115 99 2 0.07650596992869041
115 99 200 2.321466284744594
115 103 2 0.010002128730596376
115 103 200 -1.8935316026997373
115 135 8 -0.18008279548018616
115 135 194 -0.36515176226129686
115 155 18 0.33659225639011564
115 155 184 -0.6242934945078797
115 162 23 1.2442229846308335
115 162 179 0.4647930275564248
115 179 40 -0.2632664538392638
115 179 162 1.5411758433402292
115 184 47 -0.23589137738745478
115 184 155 -0.9303394838268836
115 194 67 -0.5897481861628976
115 194 135 -1.9342986137742701
115 200 99 -0.16927615894254364
115 200 103 -0.9218447910852628
117 5 78 0.08465486760763422
117 5 124 -0.843523282373909
117 25 38 -1.2925618890984514
117 25 164 -0.13744979239263677
117 38 25 -0.42660326776316393
117 38 177 0.7967046506260669
117 78 5 -0.6525239957203172
117 78 197 -0.5903918175787108
117 124 5 0.24442111415687157
117 124 197 -1.055069902195951
117 164 25 0.1306612903232807
117 164 177 -1.6440817037505409
117 177 38 1.9083294222931904
117 177 164 0.6578647319519773
117 197 78 -0.1838536046799069
117 197 124 1.0737541335185896
119 7 72 -0.757585562151008
119 7 130 -2.3871559720712896
119 72 7 -0.7408545989915655
119 72 195 0.16577610996222708
119 130 7 1.4490637243735514
119 130 195 0.7705243609429785
119 195 72 2.649393464506263
119 195 130 1.0093020229968268
120 3 95 0.21811853235428116
120 3 107 0.4711181005562749
120 19 47 -1.1393556923874137
120 19 155 0.8604888481830872
120 47 19 -0.32807882471075134
120 47 183 0.9108363085260577
120 95 3 1.4279695572217086
120 95 199 0.01047747674032429
120 107 3 0.8697946791294227
120 107 199 -0.00663219735541935
120 155 19 -0.6567212106216674
120 155 183 0.7112351106406578
120 183 47 -1.2045209787615552
120 183 155 1.618943975662938
120 199 95 -0.7720869098583533
120 199 107 -1.2962894002588068
121 6 77 -0.48155767486098305
121 6 125 0.13749617281976315
121 77 6 1.8335786881728109
121 77 196 -0.41826587452849656
121 125 6 0.5132750967414745
121 125 196 0.05375334026854284
121 196 77 -0.5960721948235345
121 196 125 -0.7840691830840565
124 5 85 0.8219680639881825
124 5 117 -0.7427536987428345
124 85 5 0.17123938075959827
124 85 197 0.4560812355948626
124 117 5 0.5582453331416374
124 117 197 -0.47916255642195144
124 197 85 1.0932719804070254
124 197 117 1.150365180399203
125 4 97 -0.6724448773742079
125 4 105 -0.12821842988116525
125 6 81 0.8174974977009742
125 6 121 1.5305859599382985
125 9 70 -1.314329024247801
125 9 132 0.3470405159201666
125 13 60 -0.7236721681776319
125 13 142 1.1899037850295933
125 21 46 0.3145198673181986
125 21 156 1.463262114671219
125 28 37 1.6375434316945012
125 28 165 -1.997633348515986
125 37 28 -1.0109437474447684
125 37 174 -0.7088475313569166
125 46 21 0.16609960163823742
125 46 181 -1.0632920098519458
125 60 13 0.9217579506021358
125 60 189 0.1502083530361935
125 70 9 -1.070441213874126
125 70 193 1.0151437335561564
125 81 6 -0.17147550124771446
125 81 196 -0.4790990436452931
125 97 4 0.18647910508188392
125 97 198 -1.3796929629463444
125 105 4 -1.001707041507349
125 105 198 1.3310553191931054
125 121 6 0.018450673370487187
125 121 196 2.9993784292902417
125 132 9 0.7807508501769627
125 132 193 -0.8941731898963874
125 142 13 -0.22334532173631774
125 142 189 -0.8640404251481107
125 156 21 -0.08052722286469272
125 156 181 -0.23221074043628837
125 165 28 0.5715848241376486
125 165 174 -0.23619850761057143
125 174 37 -0.509206870648514
125 174 165 0.12188826049841485
125 181 46 -0.22627731949650923
125 181 156 -0.8493712138946634
125 189 60 0.35307471943831026
125 189 142 -1.3650820727308082
125 193 70 -0.36669887886782
125 193 132 -1.9840413584820382
125 196 81 0.6628482642698125
125 196 121 1.7511903753504796
125 198 97 -1.0166964843813533
125 198 105 -2.6610561020074917
126 25 41 -0.44977173658124453
126 25 161 -0.04281636113463039
126 41 25 0.5138716597204277
126 41 177 -0.1000279168141196
126 161 25 0.4791166867562173
126 161 177 -0.2778814056029464
126 177 41 1.1964884801744458
126 177 161 1.6681770165147778
127 8 75 2.0735160641216366
127 8 127 -0.15413015157846252
127 11 66 -1.126581217194333
127 11 136 1.2300644902467204
127 19 50 -0.03156250715743968
127 19 152 -1.5810703608280636
127 50 19 -1.4108685160268626
127 50 183 2.021309282841621
127 66 11 1.8177267892536446
127 66 191 -1.6005723564295509
127 75 8 -0.3865006340717836
127 75 194 0.9224029576708387
127 127 8 -0.8813606606685834
127 127 194 -0.640844690856615
127 136 11 0.1697391023585677
127 136 191 0.6545087649767029
127 152 19 -1.331049294686423
127 152 183 -1.2980562479626017
127 183 50 -2.2402249420681226
127 183 152 0.5532257638276173
127 191 66 -0.2487015874493605
127 191 136 0.2630252289025703
127 194 75 -0.8443675023247721
127 194 127 -0.5347118718629019
129 5 100 0.08469273157915287
129 5 101 -1.9126680769708326
129 5 102 1.0753657157780112
129 12 65 0.1199064185753331
129 12 137 1.2995192559402402
129 65 12 1.7313320825333416
129 65 190 -0.267611308129142
129 100 5 0.5486615068934033
129 100 197 -0.28452097380757824
129 101 5 1.5543272074613554
129 101 197 0.6035555968621427
129 102 5 0.7388102447870623
129 102 197 -0.5723844916569341
129 137 12 -0.6768580607318426
129 137 190 0.8026429143947286
129 190 65 0.8504303712888568
129 190 137 -0.42578141504358485
129 197 100 0.34207223833977735
129 197 101 -1.8854689443238062
129 197 102 2.010176172998484
130 7 83 0.1706917895652107
130 7 119 0.4115501512773723
130 15 59 -0.10708142014023854
130 15 143 0.6949832539048
130 59 15 0.4210476718740529
130 59 187 1.8525396846819384
130 83 7 0.6115068163082679
130 83 195 1.1813222548509583
130 119 7 -1.174424055586586
130 119 195 -1.201027991337849
130 143 15 -0.029661523868234573
130 143 187 2.3551070520282256
130 187 59 0.8681980276140129
130 187 143 0.08455397476926434
130 195 83 -1.5292794046328237
130 195 119 1.686929649034176
132 9 77 -0.06428202498208294
132 9 125 -0.13168682209419272
132 13 65 1.6600683536135419
132 13 137 -1.2576470910699111
132 65 13 2.1282578126753635
132 65 189 -0.16881133750960656
132 77 9 0.41276650353652244
132 77 193 -0.7605851999803442
132 125 9 0.4119157990635493
132 125 193 -0.8659688262461108
132 137 13 -1.6356671169726344
132 137 189 0.8747191446186183
132 189 65 -2.0516298220254443
132 189 137 -0.48980316017040954
132 193 77 -0.8902054429732059
132 193 125 0.2326644170792351
134 25 45 -1.7318624793626018
134 25 157 -0.9519804565412423
134 45 25 -1.1074236216126405
134 45 177 -0.40535262076658896
134 157 25 0.03305421614151624
134 157 177 -0.9863052595446521
134 177 45 1.2054628777311793
134 177 157 1.1779046908716488
135 7 98 1.7221636505029092
135 7 104 0.39640164843927256
135 8 87 2.0291454470906576
135 8 115 -0.20484861975750465
135 24 47 -1.024882695779784
135 24 155 0.044237168159251036
135 34 35 -2.4653971928732097
135 34 167 -1.3990682036101723
135 35 34 -0.04669473916675568
135 35 168 -0.9674136127207317
135 47 24 -1.3837627759116593
135 47 178 -0.7697947329136327
135 87 8 0.6094979084277671
135 87 194 0.7189126305563144
135 98 7 2.3024595033241897
135 98 195 2.071926301881503
135 104 7 2.6583810049744168
135 104 195 0.9377786269365775
135 115 8 -0.12911625336555166
135 115 194 -0.8607013417797311
135 155 24 1.5127355077077074
135 155 178 0.8242542930236375
135 167 34 -0.37580934893720597
135 167 168 -0.47117512237894693
135 168 35 -1.983033333316964
135 168 167 1.0075832779453568
135 178 47 0.8620179537996453
135 178 155 -0.07655730098276799
135 194 87 0.37887528062098674
135 194 115 0.5848400107415072
135 195 98 -0.31067152260846
135 195 104 0.5830289486790163
136 11 75 -0.37308872975608465
136 11 127 1.1192298909785945
136 75 11 1.8318767356437906
136 75 191 0.5336996703757599
136 127 11 -2.630458780886409
136 127 191 -0.5789689963110587
136 191 75 -0.63674434546805
136 191 127 -1.2043169816166728
137 12 73 -1.3487992551095904
137 12 129 -0.6427300834469193
137 13 70 -1.9178923869245772
137 13 132 0.8092182556258621
137 21 53 -2.1959131106342524
137 21 149 -0.4952103986387102
137 53 21 0.5519521702979778
137 53 181 0.02248311334638634
137 70 13 -0.7507601612618425
137 70 189 -2.919126398707106
137 73 12 0.29001434193160736
137 73 190 0.7324481318672168
137 129 12 -0.009195288530857154
137 129 190 -0.4865589850575652
137 132 13 -0.4351664565912646
137 132 189 -0.47709551865776506
137 149 21 -2.069677837820017
137 149 181 0.1893956571865479
137 181 53 0.7395128758650213
137 181 149 -0.9553270332711308
137 189 70 -0.38423639806818116
137 189 132 0.9013569804808884
137 190 73 -1.6485083334475807
137 190 129 -0.664148353790406
140 9 97 -0.39778516708112455
140 9 105 1.1295401614910259
140 25 49 0.4551570681446862
140 25 153 0.2609966755403577
140 49 25 -1.1933885262376476
140 49 177 -1.5093655967853377
140 97 9 -1.2431868879629708
140 97 193 0.4980536143119688
140 105 9 0.8654215201233725
140 105 193 -0.048496857030415466
140 153 25 0.08122184617900471
140 153 177 0.4665192059968483
140 177 49 -0.00787135498234464
140 177 153 1.2347424543768133
140 193 97 0.5071638124283382
140 193 105 -0.005546389931279416
142 13 77 -0.17870949357064184
142 13 125 -0.5203582720212913
142 29 45 0.7824301018210066
142 29 157 0.6147847479811602
142 45 29 -1.1889702598646812
142 45 173 1.120941764203782
142 77 13 -0.36961340277168003
142 77 189 1.05559379331216
142 125 13 1.346979681205889
142 125 189 -0.5306584105971422
142 157 29 0.0516965524012654
142 157 173 1.0279069616514653
142 173 45 1.1654530101427432
142 173 157 1.659343664395943
142 189 77 -2.2265889046056624
142 189 125 -1.166989676687346
143 15 72 0.7792667925783714
143 15 130 -0.012904074111087922
143 72 15 0.5739903767743808
143 72 187 -0.8088123579243623
143 130 15 0.980944629389418
143 130 187 0.2233791572306567
143 187 72 0.6437883241152805
143 187 130 0.8942396840735406
145 12 89 -1.2314878615967904
145 12 113 -1.3434233143696148
145 37 38 -0.5817830312197576
145 37 164 0.3399493443468623
145 38 37 -0.5419723183723585
145 38 165 1.6054310145861812
145 89 12 -0.20362795016938465
145 89 190 1.2625035902151596
145 113 12 -0.07051421680678019
145 113 190 0.07687079043562078
145 164 37 0.4166154196234973
145 164 165 0.7269531173128806
145 165 38 -0.03255098995119803
145 165 164 -0.20297559496992715
145 190 89 -0.8788136260092648
145 190 113 -0.772256505880182
146 27 51 -0.9198119032438983
146 27 151 -1.4945250609383773
146 51 27 -0.7062390225536939
146 51 175 -0.7216975579339966
146 151 27 0.7188384892063713
146 151 175 0.20943365140280856
146 175 51 1.2722596484948938
146 175 151 0.4588594276183841
149 21 65 -0.42480796067249693
149 21 137 -2.0549864045315154
149 37 41 -0.27639316227783195
149 37 161 0.453310088102694
149 41 37 -0.5926727874865948
149 41 165 0.2810236510429141
149 65 21 -1.811891812871779
149 65 181 1.3280173081678577
149 137 21 -1.7051485288896295
149 137 181 1.1545793881785409
149 161 37 0.1799834759665041
149 161 165 0.7804434563330351
149 165 41 0.7015094136841891
149 165 161 -0.8440706946327748
149 181 65 0.9973549977631113
149 181 137 -0.04523495994190143
151 27 56 -0.9680302428131909
151 27 146 1.7617098449079198
151 31 50 1.2201992777973216
151 31 152 -1.4875525265415706
151 50 31 -0.7787854620186697
151 50 171 -0.3901783883066203
151 56 27 0.5386410216190292
151 56 175 -0.23114275983500715
151 146 27 -1.0002419491366945
151 146 175 0.0667463493954478
151 152 31 0.8425735336022657
151 152 171 0.177829645409093
151 171 50 0.11174521144369653
151 171 152 -0.7231128910561314
151 175 56 -1.0325384502755972
151 175 146 -1.7573255975548145
152 15 99 0.2308194413580718
152 15 103 1.136817072721349
152 19 75 -1.8249409815143256
152 19 127 0.36855520683471127
152 31 51 0.9567970952057597
152 31 151 -0.7999542402258478
152 51 31 0.011368712662092825
152 51 171 1.1229807598626422
152 75 19 -1.4068973910880296
152 75 183 0.057687630732229996
152 99 15 -1.376122686971077
152 99 187 -0.5193439712148465
152 103 15 -1.9966556215314175
152 103 187 -1.2846690777522927
152 127 19 -1.8093546499512665
152 127 183 -1.340805877962896
152 151 31 -0.7818205461136736
152 151 171 -0.5295371188178041
152 171 51 0.4701348404941042
152 171 151 -0.3528322914084369
152 183 75 0.6584972524645912
152 183 127 -0.23661883057022157
152 187 99 1.1011604817865517
152 187 103 1.3924569106691553
153 25 62 0.0882863641778041
153 25 140 -1.4554852646509782
153 62 25 -0.810807360628049
153 62 177 0.06295811967449297
153 140 25 -0.0038937848670938025
153 140 177 0.2385649769023663
153 177 62 1.0792066359279606
153 177 140 1.4549518761975073
155 18 87 -0.25503484104210455
155 18 115 -1.0035896914722786
155 19 82 -0.6390895444392098
155 19 120 -0.5763889115987868
155 24 67 2.0123124485191166
155 24 135 -0.053608115780790486
155 40 43 1.567945242065453
155 40 159 -1.1074066742503563
155 43 40 1.4903805680364723
155 43 162 -0.32294242891957786
155 67 24 -0.6441002153071379
155 67 178 -0.09124138590570918
155 82 19 0.2245913262819996
155 82 183 -0.5493901510035184
155 87 18 0.04020018669076375
155 87 184 -1.4071166890571427
155 115 18 1.6232546674342112
155 115 184 -0.17072823794095934
155 120 19 0.36562752441315305
155 120 183 -0.2697976995867021
155 135 24 -1.0982766824868908
155 135 178 -0.3846367804204618
155 159 40 0.16625515317373912
155 159 162 -0.1761998180022184
155 162 43 0.08792316331600263
155 162 159 1.8016851824657263
155 178 67 0.6544869227695109
155 178 135 -0.9055760109344246
155 183 82 -0.481721656239183
155 183 120 -0.2793277057139027
155 184 87 0.23687523499863986
155 184 115 -1.5399122963854284
156 21 77 3.0857160891791686
156 21 125 1.150828393285635
156 77 21 -0.2866250058775591
156 77 181 0.1248051913880253
156 125 21 -0.7919549341148185
156 125 181 0.49662260211553133
156 181 77 0.330215857520458
156 181 125 -0.7070459265871919
157 25 68 -0.4765280157408374
157 25 134 0.8189982853774997
157 29 60 2.282189109530409
157 29 142 2.2344343909728845
157 60 29 -0.5923593870717503
157 60 173 -0.6927417272449857
157 68 25 1.4627325078468143
157 68 177 -1.3783898999689799
157 134 25 0.39334276082143715
157 134 177 0.24551457632301552
157 142 29 1.070494001217739
157 142 173 -1.8173462330435481
157 173 60 -0.3297691397657928
157 173 142 -0.3972637359664092
157 177 68 -0.5636225870850561
157 177 134 -0.3267682455900204
159 40 47 -1.248442796148779
159 40 155 1.306762503346276
159 47 40 1.0850017187947163
159 47 162 -3.152537429559364
159 155 40 0.39785664415842553
159 155 162 -0.055655845764587875
159 162 47 -0.3613043210566724
159 162 155 1.4253603643375912
161 21 100 -0.33312977322430387
161 21 101 -0.8013963234841347
161 21 102 -0.28332334612923965
161 25 76 0.15778177234575716
161 25 126 0.6952700614488361
161 37 53 0.6567547291934034
161 37 149 0.42683305698636076
161 53 37 -1.1667826993753116
161 53 165 0.10584885048344736
161 76 25 -0.4172291937431607
161 76 177 0.09820452298490494
161 100 21 1.8388628467362593
161 100 181 -0.21475847549652452
161 101 21 0.9081707258497128
161 101 181 -0.8575830871886747
161 102 21 0.17506357488131888
161 102 181 0.8507964081170362
161 126 25 0.3395129881113016
161 126 177 0.4139901248464465
161 149 37 -0.1744658958920819
161 149 165 -0.6434674636192218
161 165 53 -2.256649607711948
161 165 149 -0.739583070983644
161 177 76 0.2708277778917747
161 177 126 -1.6702668202736883
161 181 100 -0.7336643282574967
161 181 101 -0.3957521814531029
161 181 102 0.3973609860116548
162 23 87 1.5611687254540216
162 23 115 1.2765615077776689
162 43 47 0.9107490800528539
162 43 155 2.2902477747537766
162 47 43 -1.1355079268467896
162 47 159 -1.2169869218723715
162 87 23 -0.6629811165168713
162 87 179 0.4693738092804251
162 115 23 0.940687748729045
162 115 179 0.11166055091023146
162 155 43 0.26483161814890255
162 155 159 0.5781527947624083
162 159 47 -0.7190610986155821
162 159 155 -0.6207037663146768
162 179 87 -0.03303187951416755
162 179 115 1.645427623334841
164 25 85 1.4787175089455968
164 25 117 -2.1036333406466303
164 37 57 -0.16451076674740314
164 37 145 -0.24042679303573117
164 57 37 0.5257959290584836
164 57 165 1.6453776876692938
164 85 25 -0.31508150526315404
164 85 177 -0.24540391686899982
164 117 25 -1.3667433988435813
164 117 177 1.1980165013456001
164 145 37 0.5678747734904914
164 145 165 -1.7753955187421717
164 165 57 2.174517490542754
164 165 145 1.423073140868261
164 177 85 -0.7196701292487131
164 177 117 0.12150538596149575
165 28 77 -1.9800430959306374
165 28 125 -0.6339493205014908
165 38 57 0.002242654682678611
165 38 145 -0.8028313918407604
165 41 53 -0.779259431442895
165 41 149 0.10608561057491264
165 53 41 0.06695801561000614
165 53 161 -1.1403484110333648
165 57 38 -0.3701150373683204
165 57 164 -1.344455539032289
165 77 28 -0.3506282704436573
165 77 174 0.28814109377489805
165 125 28 -0.31460052400747796
165 125 174 1.3249494352628197
165 145 38 -0.1281004579323808
165 145 164 -0.6635829993014554
165 149 41 0.5228441558883021
165 149 161 0.31457045036210957
165 161 53 -0.5520139903619083
165 161 149 -0.8050582090622442
165 164 57 -0.5130325153142282
165 164 145 0.5869481947555335
165 174 77 -0.8317835262838897
165 174 125 -0.9312721966422417
166 25 101 -0.5489041330108123
166 101 25 0.6389793381283639
166 101 177 0.3853292854494925
166 177 101 -1.0178183965128966
167 27 88 0.036966783644178436
167 27 114 -0.9970376992843332
167 34 67 0.40523682384066523
167 34 135 -1.6624211841958167
167 67 34 -1.5853306022180118
167 67 168 -1.5893437160738442
167 88 27 -0.824704728516604
167 88 175 0.010876522347154315
167 114 27 -0.1848702786880878
167 114 175 -0.03188087539877503
167 135 34 0.550615335623605
167 135 168 0.5969152583178138
167 168 67 -0.8382658500199713
167 168 135 -0.08330974326139559
167 175 88 0.15752183073385684
167 175 114 -0.6962434617090941
168 27 95 1.0441736487816493
168 27 107 -0.9879016832973667
168 35 67 0.5345881038114499
168 35 135 -0.6974065930961251
168 67 35 1.8196048678459356
168 67 167 2.924071556751817
168 95 27 0.45769124851501036
168 95 175 0.5303055639865659
168 107 27 0.2742571124040185
168 107 175 -1.1221359000466016
168 135 35 -0.8198161354855332
168 135 167 -0.8021581844530449
168 167 67 -1.7171360744119069
168 167 135 -0.6864830849918189
168 175 95 0.3869483071940765
168 175 107 0.901210550981834
171 50 51 0.7727348851940192
171 50 151 -0.1040898776475908
171 51 50 -0.49009952427515757
171 51 152 0.7570985688412291
171 151 50 -1.795250234224506
171 151 152 1.7451780706544817
171 152 51 1.5714872839639111
171 152 151 0.5845124861652546
173 45 60 0.5255022556580703
173 45 142 -0.07472132593181385
173 60 45 -0.887379216775791
173 60 157 0.4747548853230841
173 142 45 1.2415326601878853
173 142 157 -0.5074389858837478
173 157 60 0.4023532117229937
173 157 142 1.286038511112805
174 37 77 -0.3506611696451523
174 37 125 0.556745039257384
174 77 37 1.250123859938649
174 77 165 1.253174984657271
174 125 37 1.5148842371232965
174 125 165 -1.0085769070081745
174 165 77 -0.6270983513255234
174 165 125 0.9968221049425156
175 34 95 -0.47134538633999684
175 34 107 -0.9891506221731161
175 35 88 -1.9358747708025106
175 35 114 -0.8411279177590668
175 51 56 -0.23013732884985189
175 51 146 0.2933540890778376
175 56 51 0.24047819588725652
175 56 151 1.672262121031666
175 88 35 -0.19079101491176345
175 88 167 0.8791850988485778
175 95 34 1.4143111376589848
175 95 168 0.9134784410821029
175 107 34 -0.40623809975118236
175 107 168 0.15117527260615812
175 114 35 -1.5992845058399037
175 114 167 0.34819848169469847
175 146 51 0.05372610785414932
175 146 151 -0.30044297742563825
175 151 56 -0.6235560462492626
175 151 146 0.01859050259270286
175 167 88 0.6087629454982748
175 167 114 0.2255418319238664
175 168 95 -0.2842255707695078
175 168 107 0.19670762625586694
177 36 101 1.4259637681102217
177 38 85 2.4392239797552215
177 38 117 -0.23980805428301452
177 41 76 0.1255538657446448
177 41 126 1.1383520561719014
177 45 68 1.058611328341479
177 45 134 -0.2371748221754423
177 49 62 0.4691996957149997
177 49 140 -0.3697819634159648
177 62 49 -0.1707739389060036
177 62 153 -0.6619885125796601
177 68 45 0.1376916783492597
177 68 157 -1.9023509452310041
177 76 41 0.23363040661493342
177 76 161 -0.7657869837773473
177 85 38 -0.6099194350527172
177 85 164 -0.03884013325213606
177 101 36 -0.8924603513389987
177 101 166 -1.515723338023424
177 117 38 1.0446352619428954
177 117 164 1.0960108069275105
177 126 41 0.44502577263979476
177 126 161 1.9147802261788633
177 134 45 -0.7733859694241902
177 134 157 -0.43934957428128185
177 140 49 0.2895043988726663
177 140 153 1.9554334533205158
177 153 62 -0.044260033593996315
177 153 140 -0.7843591408335452
177 157 68 0.6998537554512658
177 157 134 0.18139843555872373
177 161 76 -0.21918984572608255
177 161 126 -0.33876559643374204
177 164 85 0.20025720299181254
177 164 117 -0.028102844580892114
177 166 101 0.23463363460000178
178 47 67 0.44354808043352695
178 47 135 0.419979812516531
178 67 47 1.0592958200489675
178 67 155 0.27990019936995586
178 135 47 0.8634326323464206
178 135 155 -1.4046850119572567
178 155 67 -0.7624602442220045
178 155 135 1.4789439940825584
179 40 87 -0.7069001381733487
179 40 115 0.5969466293340112
179 87 40 2.1312896019921364
179 87 162 0.1337731157569176
179 115 40 0.292249102906352
179 115 162 0.36588907972664947
179 162 87 0.17382083463441372
179 162 115 -0.4067460791136967
181 41 100 -1.702380314498036
181 41 101 1.7138414710335472
181 41 102 2.073350348358678
181 46 77 2.020795598626335
181 46 125 1.0340040004680835
181 53 65 -1.6756852851079267
181 53 137 1.3349633461893247
181 65 53 1.4887736331054553
181 65 149 1.2034825987247866
181 77 46 -0.42363439467730757
181 77 156 1.5527392534160176
181 100 41 -0.9062308171706922
181 100 161 -1.2713380319624465
181 101 41 -1.3799554701450387
181 101 161 -0.7168395508905369
181 102 41 0.7199797799927047
181 102 161 -2.8497139688670248
181 125 46 1.2971784158978488
181 125 156 -0.6916989195479599
181 137 53 1.3902133529930611
181 137 149 -1.0749730295461033
181 149 65 0.10792591769151796
181 149 137 -0.9269204314654388
181 156 77 0.6449038413885168
181 156 125 0.08537421936219655
181 161 100 -1.5353401905970676
181 161 101 1.9964043950160266
181 161 102 -0.9468187669311652
183 47 82 1.0254752739729873
183 47 120 0.9277651418186073
183 50 75 -1.5507137969446263
183 50 127 -0.9831870067237204
183 75 50 -2.039297297957466
183 75 152 0.4333989617019628
183 82 47 0.095966605281687
183 82 155 0.8839903908907287
183 120 47 0.3561328216874368
183 120 155 1.0846426677535503
183 127 50 -0.7913193996859236
183 127 152 0.5072968028085539
183 152 75 -0.9948892679790455
183 152 127 0.20952334709168655
183 155 82 -0.9770503573764497
183 155 120 -1.3717726358168618
184 47 87 1.7573813107009435
184 47 115 -0.3173906447441372
184 87 47 -0.8331398706564993
184 87 155 0.7891891067382067
184 115 47 1.2269429429472727
184 115 155 0.4257192352559242
184 155 87 -0.3749892989644145
184 155 115 -2.230523443149394
187 50 99 -1.2077522689837696
187 50 103 0.3530265946577842
187 59 72 0.6333082578098482
187 59 130 0.5765522463701792
187 72 59 0.6698355882724383
187 72 143 0.3548291268882097
187 99 50 1.2301775743288217
187 99 152 0.40839693033075175
187 103 50 0.6375931551210636
187 103 152 -1.2353756229969743
187 130 59 -0.6809804577623462
187 130 143 -0.1345550228142198
187 143 72 -0.31951584214651835
187 143 130 0.5578239632480785
187 152 99 0.2389388405026909
187 152 103 -1.8031661384501385
189 60 77 1.154290166383869
189 60 125 0.038653252982621324
189 65 70 0.5442787229804414
189 65 132 0.3833187644823942
189 70 65 -2.4420549763168644
189 70 137 1.7572471158298346
189 77 60 0.42541071783084244
189 77 142 -0.824896185608581
189 125 60 0.5496151316995326
189 125 142 0.5444395507276238
189 132 65 0.359650230185737
189 132 137 1.088413149216718
189 137 70 -0.2514572343903894
189 137 132 -0.3851325074392484
189 142 77 -1.8678884470487507
189 142 125 -1.1990781339311924
190 57 89 0.8179053758916878
190 57 113 -0.5156113356333474
190 65 73 1.3833540017279886
190 65 129 -2.511046904397199
190 73 65 0.7157610033445415
190 73 137 -0.15471065369174067
190 89 57 0.4847744388573661
190 89 145 -0.3184057397631153
190 113 57 2.045099333938538
190 113 145 0.27517321846378484
190 129 65 0.8564285815132957
190 129 137 -0.5949653522463221
190 137 73 0.7632627172987936
190 137 129 -2.2824839775336643
190 145 89 0.008208175598586734
190 145 113 -0.4211414671465994
191 66 75 0.03499811489328733
191 66 127 -1.0419371579627117
191 75 66 1.6306642933995128
191 75 136 -0.9216795053105579
191 127 66 1.4654173128704755
191 127 136 0.4925994112189413
191 136 75 0.45747050374352355
191 136 127 0.9383508826951407
193 62 97 -0.6935177189243271
193 62 105 -1.278850877773507
193 70 77 0.5342437609952462
193 70 125 0.08433834186995594
193 77 70 -1.1311807251572132
193 77 132 0.10821976260752936
193 97 62 -0.13995626424463697
193 97 140 -1.7762617213185383
193 105 62 -1.3137386310232162
193 105 140 -1.1882167507379564
193 125 70 -0.012636708611719479
193 125 132 0.554991512747764
193 132 77 0.8954276452892177
193 132 125 -0.3678681295048243
193 140 97 0.6007875027883169
193 140 105 -1.9779276510980628
194 67 87 1.8243374332648246
194 67 115 -2.3716030355887194
194 75 75 0.8349090551734282
194 75 127 -0.6349450221198581
194 87 67 -0.4120780130548135
194 87 135 -0.10149678345682668
194 115 67 0.022032134268141018
194 115 135 0.4098533751904194
194 127 75 0.2623298445884771
194 127 127 -1.5639086952164316
194 135 87 0.39846464851751623
194 135 115 1.0342850284341518
195 67 98 -0.5900482706310151
195 67 104 -1.3606205534243139
195 72 83 2.464371825075016
195 72 119 -1.0798271256944842
195 83 72 1.1398659024468145
195 83 130 0.24718354927632957
195 98 67 2.6464137019509875
195 98 135 0.8625740481243056
195 104 67 0.44104719833719686
195 104 135 -0.6189018941678498
195 119 72 -0.6356392862711789
195 119 130 -0.7800645133410414
195 130 83 0.1721937084393126
195 130 119 0.485330180256887
195 135 98 0.09786160232284204
195 135 104 0.7484210879779101
196 77 81 -0.23490901291456112
196 77 121 -2.086796432103991
196 81 77 -0.8775287864669892
196 81 125 0.88357799248706
196 121 77 -1.0095310775182624
196 121 125 0.5376882903193739
196 125 81 -0.10956237313830637
196 125 121 -0.1768685846869175
197 73 100 0.49802865422947173
197 73 101 0.5784812224887991
197 73 102 0.38868051156935635
197 78 85 0.980384184339955
197 78 117 1.3023392910011637
197 85 78 -1.6483172217404218
197 85 124 1.261514481314646
197 100 73 -2.0016401809610342
197 100 129 1.8303736065022724
197 101 73 -0.9047665114228414
197 101 129 0.6859643713246609
197 102 73 -0.9731327763580525
197 102 129 -0.7319527054946205
197 117 78 0.16885842972228585
197 117 124 -0.9885954395981607
197 124 85 1.1930271857940185
197 124 117 -0.05855298835558982
197 129 100 0.527257253037422
197 129 101 -1.213331099642709
197 129 102 1.1969441654160478
198 77 97 0.5391987042171801
198 77 105 0.33733492744610477
198 97 77 -0.35754324977922974
198 97 125 0.523054645526419
198 105 77 -2.5900511778504836
198 105 125 -1.29518378569872
198 125 97 0.8064660360409603
198 125 105 -0.10878120452165518
199 82 95 0.5618485045459066
199 82 107 -0.7417385755326352
199 95 82 0.5615772447416212
199 95 120 -1.8851575939788658
199 107 82 0.8562470148367027
199 107 120 -1.054455126474284
199 120 95 -0.19990610507672726
199 120 107 -0.41291778244916244
200 87 99 0.6680565228873921
200 87 103 -0.47983165789785986
200 91 91 -0.3998470962673618
200 91 111 0.49405593675749704
200 99 87 0.05690676315337167
200 99 115 -0.400012037957045
200 103 87 -0.6558472983593184
200 103 115 0.45203366963903746
200 111 91 0.9482500585894866
200 111 111 -0.3993046046663003
200 115 99 -0.2968367438724758
200 115 103 -0.3237340917366965
201 100 101 -1.162040744993772
201 101 100 2.9088049860827843
201 101 101 -1.3854402620313697
201 101 102 0.9597161301487983
201 102 101 -1.5751956316123843
