# i j k value
1 1 50 0.17212958796006256
1 1 51 0.06808290666414944
1 2 50 0.10051642717430893
1 2 51 -0.14497317208522342
1 3 50 -0.10902299385323379
1 3 51 -0.2755650963875316
1 4 50 -0.3521211354287699
1 4 51 0.24477902906538668
1 5 50 -0.1853907048513286
1 5 51 0.044728183112887766
1 14 48 -0.07077985827433428
1 14 49 -1.3145447238423498
1 15 48 -0.37540781601033246
1 15 49 -0.7503681788980534
1 20 46 0.056023340245989796
1 20 47 -0.07570456193194129
1 21 46 -0.21444408590802602
1 21 47 -0.18160902829117082
1 24 44 -0.015905160047697032
1 24 45 0.029516603444570882
1 25 44 0.0343470620804656
1 25 45 -0.001625555537102611
1 30 40 0.06018137230298977
1 30 41 0.35160468581787135
1 31 40 -0.04474014846724635
1 31 41 0.1428285337535791
1 40 30 -0.1005136769044318
1 40 31 -0.46244865751583164
1 41 30 0.1507633679141744
1 41 31 0.44787580858457626
1 44 24 -0.05189634709733493
1 44 25 0.02395398501646733
1 45 24 0.08122207578157076
1 45 25 -0.01308484197122204
1 46 20 0.017787829479797002
1 46 21 -0.1810790148887073
1 47 20 -0.017270304117815008
1 47 21 0.060764721538182395
1 48 14 0.5221050647333061
1 48 15 0.9082371652807153
1 49 14 0.526758624064748
1 49 15 0.9690745331040013
1 50 1 -0.7308927230042087
1 50 2 -0.3675201072083113
1 50 3 -0.2056082382827404
1 50 4 -0.45499683622375736
1 50 5 -0.18660782670812526
1 51 1 -1.004872496715761
1 51 2 -0.47517869369563304
1 51 3 -0.33969775641977507
1 51 4 -0.41865581156170084
1 51 5 -0.240855231429842
2 1 50 0.42575450104254275
2 1 51 0.42192529944556645
2 2 50 0.27853483245040844
2 2 51 -0.5933016777551048
2 3 50 -0.3424702456827601
2 3 51 -0.5378878129862081
2 4 50 -0.7766635805823655
2 4 51 -0.4006840423025343
2 5 50 -0.3439589946862371
2 5 51 -0.4516344061931859
2 14 48 0.16544066077620637
2 14 49 1.3077738137447235
2 15 48 -1.9932555350520904
2 15 49 -0.17171288435219303
2 20 46 0.1458814530248411
2 20 47 -0.19713018621789868
2 21 46 -0.5583996724844692
2 21 47 -0.47289913120526367
2 24 44 -0.055285983977710146
2 24 45 0.4545205857063456
2 25 44 -1.3896520614345242
2 25 45 1.0496312555471339
2 30 40 -1.027030407128677
2 30 41 0.501418743706827
2 31 40 1.1478879362314967
2 31 41 1.0892218583410367
2 40 30 -0.04912926379431903
2 40 31 0.031823138062496974
2 41 30 0.5352336721662413
2 41 31 0.7115689485420583
2 44 24 -0.1862606417572287
2 44 25 -0.03942183238317755
2 45 24 -1.0202901367057808
2 45 25 -1.1438339025412745
2 46 20 0.04631845226073676
2 46 21 -0.4715190077614542
2 47 20 -0.044970846933177815
2 47 21 0.1582277285095371
2 48 14 -0.8322548644139233
2 48 15 -0.37595071201230773
2 49 14 -1.304931922389954
2 49 15 0.7325399709502355
2 50 1 -0.0875780831694789
2 50 2 0.6067456303745518
2 50 3 0.9103052968362116
2 50 4 0.543121790957752
2 50 5 -0.17060810634945897
2 51 1 0.4195480682229463
2 51 2 0.2854863293394534
2 51 3 0.47012474684773
2 51 4 -0.009145191329319966
2 51 5 -0.37088481741706486
3 1 50 0.19752008482734473
3 1 51 0.1311919935138417
3 2 50 0.37655180137903216
3 2 51 -0.3791486108867852
3 3 50 -0.009004701109164725
3 3 51 -0.5978208078065562
3 4 50 -0.41560896526849084
3 4 51 0.57011769606949
3 5 50 -1.0466116747864211
3 5 51 -0.3051121255010355
3 14 48 0.03166168735714456
3 14 49 -1.0884468738077182
3 15 48 -0.6780005954905977
3 15 49 -0.023667658637028324
3 20 46 0.12888712627390708
3 20 47 -0.17416568505894062
3 21 46 -0.4933494121871597
3 21 47 -0.4178091784436432
3 24 44 -0.5091250597888131
3 24 45 0.7814305105941043
3 25 44 -1.2775934995124247
3 25 45 0.37216450517985633
3 30 40 1.4186469666183223
3 30 41 -0.6825080797189149
3 31 40 -0.25650736980908
3 31 41 -2.9053989019807296
3 40 30 -1.3361209837723347
3 40 31 0.32234742399576743
3 41 30 0.08410640294819612
3 41 31 0.3190173248043261
3 44 24 -0.7202250056004921
3 44 25 0.8161462052895957
3 45 24 -1.3414834966560287
3 45 25 -1.0503627929183008
3 46 20 0.040922626430962075
3 46 21 -0.41658983122103505
3 47 20 -0.03973200915632536
3 47 21 0.13979513366219026
3 48 14 0.4253402277107494
3 48 15 -0.4987133884408022
3 49 14 -0.11688516809291877
3 49 15 0.7817498299877904
3 50 1 -0.5800052790918603
3 50 2 0.4505524291245242
3 50 3 0.870781908587873
3 50 4 -0.0518545935795292
3 50 5 -0.6605337299588763
3 51 1 -0.04809339464676491
3 51 2 -0.002645230883461032
3 51 3 0.19924554701386704
3 51 4 -0.30162661255153345
3 51 5 -0.4309648091179146
4 1 50 0.6009083613535645
4 1 51 0.09195230183999091
4 2 50 0.4848187065677548
4 2 51 -0.33300013496665476
4 3 50 -0.18335949674760882
4 3 51 -1.1701065180664334
4 4 50 -1.3819909363547442
4 4 51 1.700452090291503
4 5 50 -1.1031063938647847
4 5 51 0.8916456202564983
4 14 48 0.03322407886926408
4 14 49 -0.24929272309995146
4 15 48 -0.33339042275129344
4 15 49 -0.4143509373448501
4 20 46 0.2180312497868337
4 20 47 -0.2946264928172935
4 21 46 -0.8345720168527228
4 21 47 -0.7067847657250448
4 24 44 -0.35412611163441987
4 24 45 0.19339817018711006
4 25 44 0.7582607874472505
4 25 45 -0.8342815684523701
4 30 40 -0.20903798052081896
4 30 41 -1.249210261639881
4 31 40 -0.5498757410894723
4 31 41 1.3497096523769487
4 40 30 -0.8830121341289059
4 40 31 1.291324533362915
4 41 30 0.17870162398428782
4 41 31 -2.010640887198217
4 44 24 -0.5394845795237235
4 44 25 0.6900974379750171
4 45 24 0.5778862275804353
4 45 25 0.4161546766737925
4 46 20 0.06922655228064233
4 46 21 -0.7047220632150645
4 47 20 -0.06721245064061383
4 47 21 0.2364837248501471
4 48 14 -1.5424161316042893
4 48 15 -0.8901848403598047
4 49 14 0.6387757060892837
4 49 15 -0.32176356872495304
4 50 1 -0.34770011812845736
4 50 2 -0.5261973754991518
4 50 3 -0.09368631883426838
4 50 4 -1.1228146479198018
4 50 5 -0.3303530659325796
4 51 1 -0.19852900416337568
4 51 2 -0.26052955754390067
4 51 3 -0.14566984734431757
4 51 4 0.2863209459578131
4 51 5 0.15489356459953843
5 1 50 -0.7933189914750721
5 1 51 -1.1126011143326215
5 2 50 -0.11886444877029692
5 2 51 0.8912019078901917
5 3 50 1.5331407013610323
5 3 51 1.2736298060817683
5 4 50 0.7277711404721747
5 4 51 1.0014663337691845
5 5 50 2.366408587273708
5 5 51 -1.9067083284064554
5 14 48 0.6156205952055771
5 14 49 1.0291140288813225
5 15 48 -0.1594859905858741
5 15 49 1.2508125279074
5 20 46 -0.3390762811782478
5 20 47 0.45819512395011935
5 21 46 1.29790374602962
5 21 47 1.0991724818795192
5 24 44 -0.7145452209631
5 24 45 0.6207846475209611
5 25 44 -0.8213349983686565
5 25 45 -0.5872805721315683
5 30 40 0.16291691963971627
5 30 41 -0.47929652602346284
5 31 40 -0.7956470386243616
5 31 41 0.12492297375358963
5 40 30 0.6573117027216918
5 40 31 1.8631471526241012
5 41 30 -0.6771953107615869
5 41 31 0.432669893614615
5 44 24 -0.6769665160917564
5 44 25 1.3087258667842319
5 45 24 -1.7002780951386611
5 45 25 -0.38526865612093797
5 46 20 -0.10765925494194555
5 46 21 1.0959646229283602
5 47 20 0.10452697874445754
5 47 21 -0.3677730695015724
5 48 14 -1.0911279821769002
5 48 15 -2.1572734883451075
5 49 14 0.45669149784247487
5 49 15 0.35856489442406086
5 50 1 -0.46729259321552025
5 50 2 0.5084580478051557
5 50 3 0.20003115814469982
5 50 4 0.1790837944341227
5 50 5 -0.7627921786237649
5 51 1 0.698088046928231
5 51 2 0.359486745093215
5 51 3 0.09805045447594252
5 51 4 -0.37487698007765524
6 12 48 -0.6425618201958148
6 12 49 -0.14209394964512492
6 13 48 -0.2690205390576743
6 13 49 0.2659036276888711
6 18 46 0.3879532466091992
6 18 47 0.6854770355282499
6 19 46 0.01606490532662701
6 19 47 0.20256810259113317
6 26 42 0.17427906700948512
6 26 43 -0.15614738836011807
6 27 42 -0.5787309675161335
6 27 43 -0.6544830728744447
6 32 38 -0.9926120908579824
6 32 39 0.5037106938082018
6 33 38 0.09627124194791951
6 33 39 -0.7947637134043942
6 34 36 -1.409471289329434
6 34 37 0.7236645459679802
6 35 36 1.5341321101239547
6 35 37 -0.9852153589626165
6 36 34 1.8059142131522867
6 36 35 1.3038281630613213
6 37 34 -0.4089964735136058
6 37 35 1.1102140519567039
6 38 32 -0.034799219173391974
6 38 33 1.7795846198568968
6 39 32 -0.20471026767019807
6 39 33 2.8815572427186265
6 42 26 -0.2156263139538092
6 42 27 -0.6980613084241065
6 43 26 -0.4921110605742178
6 43 27 -0.1071205388433822
6 46 18 -0.7987101950422897
6 46 19 -0.14686914711637308
6 47 18 0.06251071389310275
6 47 19 0.5883526559111792
6 48 12 0.25423174963395095
6 49 12 0.1534072140325082
6 49 13 0.6014681494718939
7 12 48 0.10161529201164261
7 12 49 0.4122021070314536
7 13 48 0.5524052404809855
7 13 49 0.9320637228901455
7 18 46 -0.09834401948984488
7 18 47 -0.9761871235523731
7 19 46 -0.12009946916295956
7 19 47 -1.9065322390703243
7 26 42 -0.5983683067663669
7 26 43 -0.18337793963081783
7 27 42 2.168851089054129
7 27 43 0.051051376308687675
7 32 38 -1.1485538693322155
7 32 39 -0.9344162981251402
7 33 38 -0.15879767186908508
7 33 39 -0.6350853875386178
7 34 36 1.7498546821749423
7 34 37 0.07813127674970637
7 35 36 2.0085038522157994
7 35 37 -0.22526075951053603
7 36 34 -0.3227886654733316
7 36 35 0.1486650701506653
7 37 34 -1.875165764716731
7 37 35 0.7313985442321455
7 38 32 0.3997688340051555
7 38 33 0.5954495938520327
7 39 32 0.15692121645880505
7 39 33 0.4336879101916271
7 42 26 -0.1387459783614457
7 42 27 1.4017136495180698
7 43 26 0.5211304452110395
7 43 27 0.26877930696059743
7 46 18 0.9622023128782444
7 46 19 0.3654534572208398
7 47 18 -0.796248384318359
7 47 19 0.12381726088042481
7 48 12 -0.266243179647775
7 48 13 -0.2881424739472659
7 49 12 0.009185129290841596
7 49 13 -1.0304568951819186
8 12 48 -0.10257992751754762
8 12 49 -0.23172101088536873
8 13 48 -0.3164174025043501
8 13 49 -0.48002779898385345
8 18 46 0.08177516394314754
8 18 47 0.5748775589508958
8 19 46 0.06561872988220649
8 19 47 1.0377469146739813
8 26 42 0.3339815284284881
8 26 43 0.08667369376540744
8 27 42 -1.2065896902549038
8 27 43 -0.07635135543047442
8 32 38 -1.557501296127561
8 32 39 -1.9312364780650915
8 33 38 -0.33360404188202814
8 33 39 -0.7366658069230257
8 34 36 0.2824208163379202
8 34 37 -1.3182491859051777
8 35 36 -0.7824097650432965
8 35 37 0.36035512462972596
8 36 34 1.1506895333218063
8 36 35 1.9162051126257114
8 37 34 0.8144609028192382
8 37 35 1.0490575351853046
8 38 32 0.7347150819613875
8 38 33 0.16678343968752862
8 39 32 0.3851595636325923
8 39 33 -0.681497909884844
8 42 26 0.05828452978398305
8 42 27 -0.804055175148615
8 43 26 -0.316334759676771
8 43 27 -0.152177782890189
8 46 18 -0.5758489125548034
8 46 19 -0.2070041224004116
8 47 18 0.4317541136648981
8 47 19 -0.022389420640441738
8 48 12 0.16182457382381665
8 48 13 0.15457648309476435
8 49 12 0.006551598305165354
8 49 13 0.5977001092467322
9 12 48 -1.9691006909503408
9 12 49 -0.08246214150417784
9 13 48 -0.3626206848466014
9 13 49 1.6971006189369808
9 18 46 1.1553604104378086
9 18 47 1.3146625690452605
9 19 46 -0.05724255022744677
9 19 47 -1.0769652876022824
9 26 42 0.017091696697608606
9 26 43 -0.666955710503681
9 27 42 0.10793605039801542
9 27 43 -2.0531358149782286
9 32 38 0.3457783384167231
9 32 39 -0.11198520641132868
9 33 38 -0.02223117285046878
9 33 39 0.2649521980669616
9 34 36 0.6676886876170967
9 34 37 -1.2821745059925618
9 35 36 0.77696751319947
9 35 37 0.05940919576672527
9 36 34 1.5653173820767108
9 36 35 -1.1271683373916108
9 37 34 -0.4765773609645837
9 37 35 -1.099785032673166
9 38 32 -0.0062890351379815464
9 38 33 -0.5586788864481957
9 39 32 0.05483465513791799
9 39 33 -0.8824339684760929
9 42 26 -0.8173221239083928
9 42 27 -0.9696311169733357
9 43 26 -1.1065493560287702
9 43 27 -0.10017609339275736
9 46 18 -1.690544403412165
9 46 19 -0.14011952863825583
9 47 18 -0.520644761967322
9 47 19 1.9993884102709203
9 48 12 0.5743588762214771
9 48 13 -0.2597710757571287
9 49 12 0.5004003284447833
9 49 13 0.996036940066561
10 10 48 0.5365893999110545
10 10 49 -0.04933708068302773
10 11 48 0.17514012272324495
10 11 49 -1.986191193337581
10 48 10 -1.5105345193435518
10 48 11 -0.7113498685550108
10 49 10 -0.5853865203809697
10 49 11 -2.3826373713310978
11 10 48 -0.22627519309451707
11 10 49 -0.14502731027994448
11 11 48 0.1292656930303471
11 11 49 -0.9419006743759363
11 48 10 0.616898825116241
11 48 11 0.8725173957226319
11 49 10 -3.06156462443238
11 49 11 -0.5543208504412181
12 6 48 -0.6435911726031375
12 6 49 1.631843344388907
12 7 48 -0.5467427349603297
12 7 49 0.5206244581280493
12 8 48 0.05776647956516309
12 8 49 0.010887473215582125
12 9 48 -0.024834067788962216
12 9 49 -0.011215089568040498
12 16 46 -0.29861790997171356
12 16 47 -0.355177579160997
12 17 46 0.9408910658302213
12 17 47 0.31118813875573204
12 30 38 -0.3304462047774025
12 30 39 0.6659130994514523
12 31 38 -0.4518502156746818
12 31 39 1.0861856944180006
12 38 30 -0.32647683275624345
12 38 31 0.07817804472140279
12 39 30 1.118503434994128
12 39 31 0.37069152820891327
12 46 16 2.775271694697767
12 46 17 1.965954950149839
12 47 16 0.8113776597629744
12 47 17 -1.862055740567258
12 48 6 0.027913594394348415
12 48 7 0.04400217535349836
12 48 8 -0.3759567273164296
12 48 9 -0.061934809768771255
12 49 6 -0.06431024783012387
12 49 7 -0.08146835691113401
12 49 8 -0.1362994805621987
12 49 9 -0.8817528012575102
13 6 48 1.5695245018000317
13 6 49 0.8559612137199082
13 7 48 -0.7861397777262993
13 7 49 0.9671872828954423
13 8 48 0.24439643812779613
13 8 49 -0.12046025666282047
13 9 48 -0.12106627327095071
13 9 49 0.053598315052041975
13 16 46 0.8444955812716248
13 16 47 -0.24898693438995076
13 17 46 0.10655817435998463
13 17 47 -1.4690872841070162
13 30 38 1.2710537217614337
13 30 39 0.077274312270477
13 31 38 0.39029698896674336
13 31 39 0.6721727558959587
13 38 30 -0.7209281961737843
13 38 31 2.1059864045555456
13 39 30 0.45303201921952035
13 39 31 0.8612094418009865
13 46 16 1.4141146413633605
13 46 17 -0.4299175396654078
13 47 16 1.6192645783486668
13 47 17 0.8858935492885184
13 48 6 -0.07943912498253379
13 48 7 -0.10001015898527194
13 48 8 -0.19975892396430228
13 48 9 -1.1212671500959506
13 49 6 -0.0047150704127999835
13 49 7 -0.011237406135759598
13 49 8 0.25508719854339623
13 49 9 0.20624368388620437
14 1 48 -0.27560197090864963
14 1 49 -0.2919428452153569
14 2 48 1.0392111078519077
14 2 49 0.020500448880315967
14 3 48 0.6013619982387589
14 3 49 0.19304659377935435
14 4 48 -0.33929870262066014
14 4 49 -0.7126290794142275
14 5 48 2.1182727291646777
14 5 49 0.19447186847422043
14 14 46 1.3904141178244882
14 14 47 0.33747295244782455
14 15 46 -1.2102221882974407
14 15 47 -0.18326280182974308
14 32 36 -0.6344848233009985
14 32 37 -0.47092958672169277
14 33 36 -1.6863265635195521
14 33 37 0.09385373846433469
14 34 34 -0.6946983216362477
14 34 35 -0.31962176685644894
14 35 34 1.6327053799476081
14 35 35 0.27840818880674
14 36 32 1.4146657249383703
14 36 33 -0.6653892212581204
14 37 32 0.44003284739040854
14 37 33 -0.4914000002268049
14 46 14 -0.9278804851709117
14 46 15 -0.8285319374045024
14 47 14 -1.147200607912082
14 47 15 -0.7107948059935526
14 48 1 -2.5320067645628055
14 48 2 1.6147837853543936
14 48 3 0.016347900932192478
14 48 4 -1.373815977144673
14 48 5 0.1375700920769906
14 49 1 -0.7890872067670935
14 49 2 0.6174842338848711
14 49 3 2.067713355832955
14 49 4 -0.3166222032204471
14 49 5 -0.20219040800044746
15 1 48 0.6750174166047783
15 1 49 0.01762020943668045
15 2 48 0.3285161459718067
15 2 49 -0.6318239517385176
15 3 48 -0.5267098379818563
15 3 49 -1.8511757266345477
15 4 48 -1.7095144757146792
15 4 49 -0.07354317207960534
15 5 48 -1.6148982634595794
15 5 49 3.135259476047153
15 14 46 0.6954025896780689
15 14 47 0.10995516487924531
15 15 46 -2.449607648168758
15 15 47 -1.3436276565184302
15 32 36 0.14140549023945972
15 32 37 -1.3904799002723336
15 33 36 -0.8434032379263819
15 33 37 0.503166126303583
15 34 34 -0.8979178393299694
15 34 35 0.34191141938230163
15 35 34 0.12827603797779327
15 35 35 1.501105803475137
15 36 32 -0.2909762221724682
15 36 33 -0.6956873961048534
15 37 32 1.2075911878224337
15 37 33 -1.3055677337843794
15 46 14 -0.31238437238964417
15 46 15 -1.0358719250896682
15 47 14 0.8658528270319529
15 47 15 0.8423333149929818
15 48 1 -2.1457295330636987
15 48 2 -0.3820180663861964
15 48 3 -1.6437096369100466
15 48 4 0.2039263478418027
15 48 5 -1.4697585986362476
15 49 1 -0.204694655105302
15 49 2 -0.5925730512158961
15 49 3 -2.4056390635774836
15 49 4 -1.0343589342236723
15 49 5 -0.4556015634808589
16 12 46 -0.11402906818404318
16 12 47 0.016496220140346667
16 13 46 -0.2630905188726741
16 13 47 1.1632857497459619
16 18 44 1.249111455035074
16 18 45 -0.7762130981630551
16 19 44 -0.8574385620787205
16 19 45 -0.9466013638767512
16 22 42 -0.09928921329553543
16 22 43 1.0157302254409732
16 23 42 -1.4815328419058555
16 23 43 -0.8172130161060696
16 42 22 -0.7982916368042798
16 42 23 0.90170587900634
16 43 22 -0.6241112904044563
16 43 23 -1.406987659311814
16 44 18 1.0080847084548565
16 44 19 -0.48520859866402777
16 45 18 -0.9113824345300741
16 45 19 -0.706599618151515
16 46 12 0.31431547422048023
16 46 13 1.2738506548970077
16 47 12 0.9351766188943609
16 47 13 0.2677551173298888
17 12 46 0.42109165495039214
17 12 47 -0.5856142100487769
17 13 46 2.6570674404390413
17 13 47 0.29538655597758323
17 18 44 -0.020828948734543426
17 18 45 -0.5507918796881948
17 19 44 0.4144533685479556
17 19 45 -2.8619606683397643
17 22 42 -0.7621902024032091
17 22 43 -0.24638821730781824
17 23 42 -1.0583766015331084
17 23 43 1.8923352376350726
17 42 22 0.43147629716590785
17 42 23 0.7038513160636817
17 43 22 -0.7104929558029331
17 43 23 1.921893018129039
17 44 18 -0.4354827217685203
17 44 19 0.8725559474270008
17 45 18 -0.9660523536667284
17 45 19 2.4066975327439715
17 46 12 -0.353203767871209
17 46 13 1.5777291077183657
17 47 12 -0.24753619947063235
17 47 13 -1.2647857388296635
18 6 46 0.2634006664251641
18 6 47 -2.723921602433557
18 7 46 -1.3753712286985935
18 7 47 -1.4308858022394115
18 8 46 0.26704305766542613
18 8 47 0.08395625904651066
18 9 46 -0.12687426792770004
18 9 47 -0.029426708359419743
18 16 44 0.3243007967826168
18 16 45 -0.6608600920048652
18 17 44 -1.3657750533334854
18 17 45 0.9697496343477391
18 20 42 -0.5954799598680498
18 20 43 0.4663848739864955
18 21 42 -0.011518873243136758
18 21 43 -0.058910999429482934
18 24 40 0.5268748195482468
18 24 41 -2.182880006273236
18 25 40 1.6219316947730709
18 25 41 1.0990627629559748
18 32 34 -0.2991413544859098
18 32 35 -0.9081601411966772
18 33 34 -1.3252512900634823
18 33 35 0.6573208906828595
18 34 32 0.32547994188593
18 34 33 -0.8259584348629861
18 35 32 -0.6456123243418909
18 35 33 0.16218343549909398
18 40 24 -0.4578478823351864
18 40 25 -0.15098466661957213
18 41 24 -1.4797314656221499
18 41 25 -0.6947882363761109
18 42 20 -1.5917895810875973
18 42 21 1.286080696532292
18 43 20 0.9461513053388906
18 43 21 -0.9470173447770535
18 44 16 -1.5531880299442433
18 44 17 -1.3682480566981203
18 45 16 2.5067464644259183
18 45 17 -1.0377898987063539
18 46 6 0.16626211048090084
18 46 7 0.23738110523958236
18 46 8 -0.9950894762304472
18 46 9 0.9026003431961077
18 47 6 0.05431570477969177
18 47 7 0.0935217804921335
18 47 8 -1.1293562521346416
18 47 9 -0.5270371839134472
19 6 46 0.7710072713721751
19 6 47 0.20393166602587726
19 7 46 0.4294211332703531
19 7 47 -2.1283348923541197
19 8 46 -0.028200700269179955
19 8 47 0.40006844713958434
19 9 46 0.010420910328052178
19 9 47 -0.18936495807685785
19 16 44 0.07705518955156093
19 16 45 0.5370336765559757
19 17 44 -1.202917995379893
19 17 45 0.10329534715857208
19 20 42 0.15431334268783137
19 20 43 0.6562163151733816
19 21 42 -0.7640445357509827
19 21 43 -0.9268946561269682
19 24 40 -0.22882752274050536
19 24 41 1.1467495981602194
19 25 40 0.8284290204533713
19 25 41 0.04206971973465153
19 32 34 -0.40062504568577134
19 32 35 0.6116636352079614
19 33 35 1.0138902256971505
19 34 32 0.06647193969869865
19 34 33 -1.1845657534933278
19 35 32 0.41549284757139093
19 35 33 -0.11779924330307914
19 40 24 0.417547652356026
19 40 25 -0.2001603116051751
19 41 24 1.5819459278676173
19 41 25 0.4968480734719675
19 42 20 1.0255773425964625
19 42 21 -0.7006941748292556
19 43 20 1.888687810493299
19 43 21 -0.2788732668603423
19 44 16 0.6399531510730299
19 44 17 0.7954122476508014
19 45 16 1.418817155438488
19 45 17 0.623835355942353
19 46 6 -0.09878437337630792
19 46 7 -0.15216883654086738
19 46 8 1.1516307484489214
19 46 9 0.03640683973624176
19 47 6 -0.20765843720124247
19 47 7 -0.273098939986836
19 47 8 0.06527950210664019
19 47 9 -2.3307171640442057
20 1 46 0.09864447909720288
20 1 47 -0.22784798802283632
20 2 46 0.04420783139534182
20 2 47 -0.10211078745071933
20 3 46 0.06587507043835487
20 3 47 -0.1521575499978226
20 4 46 -0.3339431609855936
20 4 47 0.7713384270555819
20 5 46 0.4324285570420585
20 5 47 -0.9988189667316638
20 18 42 -0.2675889566093787
20 18 43 -1.0356589569546755
20 19 42 -0.3339308809766313
20 19 43 -0.36753208496276935
20 42 18 -0.3214977911812034
20 42 19 -0.6272047426755399
20 43 18 0.06002193543729396
20 43 19 1.3826278657310151
20 46 1 -0.16928559469709634
20 46 2 -0.07715807094743608
20 46 3 -0.060896335565778864
20 46 4 -0.08210216061212727
20 46 5 -0.04041653441087347
20 47 1 -0.07671155112041694
20 47 2 -0.03496408134683723
20 47 3 -0.027595096719002947
20 47 4 -0.03720448926657496
20 47 5 -0.01831470097096798
21 1 46 0.011823159970737677
21 1 47 0.03434253929236731
21 2 46 0.005298586067158266
21 2 47 0.015390716243013006
21 3 46 0.007895540662836393
21 3 47 0.022934047760416684
21 4 46 -0.04002518386838386
21 4 47 -0.11626049660888021
21 5 46 0.05182927673819004
21 5 47 0.15054765200518683
21 18 42 0.9903310882940896
21 18 43 -0.3457975314642994
21 19 42 0.7686865940763848
21 19 43 -1.8870383057226134
21 42 18 0.36982066065683183
21 42 19 1.464809384703743
21 43 18 0.0695686665966716
21 43 19 0.4566190483925396
21 46 1 1.1378515289565854
21 46 2 0.5186172465292862
21 46 3 0.4093141454555392
21 46 4 0.5518488986041911
21 46 5 0.2716593550492317
21 47 1 0.13750138565136952
21 47 2 0.0626712608857387
21 47 3 0.04946274688267371
21 47 4 0.06668707322284892
21 47 5 0.03282812985159857
22 16 42 -1.048817966037244
22 16 43 2.6050935101252164
22 17 42 0.44957001620317766
22 17 43 -0.10004308124251858
22 24 38 -0.8643072262662991
22 24 39 0.2741487220988512
22 25 38 0.1629730065823431
22 25 39 0.8603737336902793
22 38 24 -1.5105228757432765
22 38 25 -0.6712248114805669
22 39 24 -0.656271114009365
22 39 25 0.13051046379740103
22 42 16 1.6003047967306907
22 42 17 0.5308119864171743
22 43 16 -0.1423785536181737
22 43 17 1.1866409161382583
23 16 42 1.303043595608604
23 16 43 1.5008973497296785
23 17 42 0.031242151814901586
23 17 43 0.4544702832351435
23 24 38 0.9465822794581891
23 24 39 1.883013094558741
23 25 38 1.0406242521516718
23 25 39 0.8187030749323077
23 38 24 -1.4286570771708684
23 38 25 -1.1931850226744063
23 39 24 0.6998039955469993
23 39 25 1.7741110934805961
23 42 16 -0.7983020020929453
23 42 17 0.567765240811553
23 43 16 -2.0166750333833225
23 43 17 -0.5483539154613761
24 1 44 0.3185517983184422
24 1 45 -0.19228805216959538
24 2 44 -0.5372987878305963
24 2 45 0.5268700026344139
24 3 44 -0.6171715189121689
24 3 45 0.6722507995987499
24 4 44 -0.5580926347225553
24 4 45 0.12360746448235665
24 5 44 0.05132271998997605
24 5 45 0.2429504873402933
24 18 40 -0.8029352011551623
24 18 41 0.16081593339136552
24 19 40 1.3402150358472815
24 19 41 0.09990305587686607
24 22 38 -1.204005944474329
24 22 39 0.8344188744815874
24 23 38 -2.014474527136582
24 23 39 0.6784543190362408
24 28 34 -0.006731497610059124
24 28 35 0.835274268629619
24 29 34 2.5734126963882042
24 29 35 0.40039472053469505
24 30 32 0.7834982945576104
24 30 33 -0.5898273965244298
24 31 32 1.8162727857189227
24 31 33 -1.014969981686211
24 32 30 -1.5713213501544399
24 32 31 -0.4148209805489798
24 33 30 0.5362266976269693
24 33 31 0.9825515024674167
24 34 28 0.21626181941522918
24 34 29 0.18837891578518193
24 35 28 0.23902384580011296
24 35 29 -1.203073317207427
24 38 22 -0.6676879077669146
24 38 23 0.28853416254495684
24 39 22 0.7768011333648845
24 39 23 0.811602125505759
24 40 18 -0.2827968598160399
24 40 19 -0.9459649337179648
24 41 18 -0.14072297230527178
24 41 19 -0.6636311411723871
24 44 1 1.9582627197087874
24 44 2 1.1630346258823845
24 44 3 0.9222731965705596
24 44 4 1.6194562672278965
24 44 5 0.7141566715322704
24 45 1 -0.6468937665651537
24 45 2 -0.4863384819011557
24 45 3 -0.6425215049189403
24 45 4 0.4609118667771868
24 45 5 0.6815565141828434
25 1 44 -0.6363695722559268
25 1 45 0.24726728985667373
25 2 44 1.4964293016941783
25 2 45 -1.1264225501365281
25 3 44 1.987880778395698
25 3 45 -1.914341088118734
25 4 44 0.5263110584481444
25 4 45 0.7417404348042
25 5 44 0.15881460863489458
25 5 45 0.01018955051674278
25 18 40 -0.6343467042963158
25 18 41 -0.31292339858522433
25 19 40 1.3847594520936268
25 19 41 -0.11707866977793993
25 22 38 0.19059423091119135
25 22 39 -1.3808084414512412
25 23 38 0.5505329750738507
25 23 39 -0.9512618275048852
25 28 34 0.8271962090887347
25 28 35 -0.2879918126049499
25 29 34 -0.02516568549932949
25 29 35 -0.21909259601623213
25 30 32 -0.05991718034447054
25 30 33 -0.85922616126438
25 31 32 0.6742010088526444
25 31 33 -2.2037242847973215
25 32 30 1.506745156701891
25 32 31 1.3559762106013764
25 33 30 1.2136249229944602
25 33 31 0.8885710391781397
25 34 28 0.3158778125235512
25 34 29 -0.05499686132402754
25 35 28 -0.8025420457516103
25 35 29 -0.3662631062997643
25 38 22 0.6816050946351014
25 38 23 -1.5557810026235444
25 39 22 0.463025456816971
25 39 23 0.6808647087737695
25 40 18 0.4553147168546267
25 40 19 3.117122590068855
25 41 18 -1.1180547283911855
25 41 19 0.3779840565572986
25 44 1 0.029885791837325655
25 44 2 -0.4197584742623353
25 44 3 -0.5284251121849036
25 44 4 -0.12951407992677025
25 44 5 0.3638192221259697
25 45 1 -0.09127008501705945
25 45 2 -0.09734126762767213
25 45 3 -0.09800719893515833
25 45 4 -0.0831812468022447
25 45 5 0.007582526859955992
26 6 42 -0.48751359576374875
26 6 43 -0.34917230199658683
26 7 42 0.4873813320853271
26 7 43 0.13518310438832734
26 8 42 -0.12011994469085151
26 8 43 -0.047152654469351137
26 9 42 0.05844543370967131
26 9 43 0.023530718192290485
26 26 34 -0.6045060151609638
26 26 35 -0.5004312957954687
26 27 34 -1.0277178817776444
26 27 35 0.4598519664908089
26 34 26 0.14578925118824496
26 34 27 0.12169390385906143
26 35 26 -1.359877090447622
26 35 27 0.03731039059396979
26 42 6 -0.08421588924760225
26 42 7 -0.09674074243514366
26 42 8 -0.6792130430919119
26 42 9 -1.6663802453085481
26 43 6 0.1160895696742909
26 43 7 0.19432771768053533
26 43 8 -2.133947025553863
26 43 9 -0.840468822599834
27 6 42 0.4534470096086095
27 6 43 1.0977492688212434
27 7 42 -0.8597071596512078
27 7 43 -0.7717212994473813
27 8 42 0.18559703755829113
27 8 43 0.21126770502772318
27 9 42 -0.08918641646791352
27 9 43 -0.10368989278824772
27 26 34 0.7327601563630464
27 26 35 -0.3757789658368908
27 27 34 0.11723645079929292
27 27 35 -0.017817701955813666
27 34 26 -0.37749768462787625
27 34 27 -1.2781249512984345
27 35 26 -0.18406468974192802
27 35 27 0.17100030810888436
27 42 6 -0.12372317247088062
27 42 7 -0.1658304023374423
27 42 8 0.19588156167805693
27 42 9 -1.2282148163522781
27 43 6 -0.055630788408731785
27 43 7 -0.09502106744940543
27 43 8 1.1181768861566797
27 43 9 0.5004300240203783
28 24 34 1.128171055746559
28 24 35 1.4396044056158253
28 25 34 1.9760635334941532
28 25 35 1.5215047178685057
28 34 24 1.448132306652972
28 34 25 -0.7277623167215552
28 35 24 -2.0095566670445053
28 35 25 0.5248248184831615
29 24 34 0.5030658480918714
29 24 35 -1.1689883894902866
29 25 34 -0.24418640637845862
29 25 35 0.30888821978163117
29 34 24 -0.10474835845542084
29 34 25 1.0602564744363658
29 35 24 -0.7344591729587764
29 35 25 -0.1808571411818776
30 1 40 -0.3875406097640126
30 1 41 -0.22372482521931647
30 2 40 -0.2629114803731314
30 2 41 0.009344091393742095
30 3 40 0.2810828157660601
30 3 41 0.1803763864292848
30 4 40 1.4397017477892513
30 4 41 0.47397773364695034
30 5 40 0.6378279979624601
30 5 41 -1.5612987113856474
30 12 38 -0.14791406444930796
30 12 39 -0.40414033636063157
30 13 38 0.06540100534729842
30 13 39 1.268113322720915
30 24 32 0.5183636584820654
30 24 33 -1.8564671794942846
30 25 32 -0.18774341952354615
30 25 33 -0.7101492127967454
30 32 24 1.1485766471450394
30 32 25 -0.738366738213023
30 33 24 -0.3361310782435349
30 33 25 0.6420780444554947
30 38 12 0.44516036325262887
30 38 13 -0.8684522296273077
30 39 12 -1.317528815020365
30 39 13 0.4230712900756999
30 40 1 -0.7081612592021265
30 40 2 -0.5343500452837653
30 40 3 -0.2628393976161301
30 40 4 0.5409425046215419
30 40 5 -0.5951730016814532
30 41 1 -2.7613006458793707
30 41 2 0.5053082355817885
30 41 3 -0.8036453281309296
30 41 4 0.015770697465697044
30 41 5 0.9862702735579787
31 1 40 -0.28587806058211945
31 1 41 -0.20104271669337545
31 2 40 -0.198709361935371
31 2 41 -1.1405221891206667
31 3 40 0.27783103145273286
31 3 41 0.8811504094641185
31 4 40 -1.5220606784091466
31 4 41 -0.03479550894509826
31 5 40 -0.7427971517854851
31 5 41 -0.1766593683023931
31 12 38 2.1629359289758816
31 12 39 0.9721676597079425
31 13 38 -2.1566863902560107
31 13 39 0.1819463377900491
31 24 32 1.0926240180924258
31 24 33 -0.32172855435391473
31 25 32 -0.8133299498856327
31 25 33 -1.503828373882113
31 32 24 -0.4834521143386976
31 32 25 1.0933261469171127
31 33 24 0.18354291496566522
31 33 25 -0.5775363894451812
31 38 12 2.1630745366084194
31 38 13 0.7620217226189888
31 39 12 -1.0550724846410149
31 39 13 0.3223746440269404
31 40 1 -0.710163718297837
31 40 2 0.2310687049757122
31 40 3 -0.6520052708416254
31 40 4 1.125008605064954
31 40 5 0.5769693762746639
31 41 1 -0.9023725463674704
31 41 2 1.3108545015896553
31 41 3 0.6637654339980135
31 41 4 -0.049042298333866106
31 41 5 0.3802481211759844
32 6 38 0.004873633304420263
32 6 39 0.09764920632863415
32 7 38 -0.008574165588175175
32 7 39 -0.26671115358704983
32 8 38 0.18345788770465352
32 8 39 -1.1171294222005514
32 9 38 0.48920506277308706
32 9 39 0.7426727094948953
32 14 36 -0.38185457078258817
32 14 37 -0.41852975289500033
32 15 36 1.1990791748525156
32 15 37 -0.9698946764930486
32 18 34 0.3772756891888803
32 18 35 -0.5582455916962491
32 19 34 1.1248659804664076
32 19 35 0.6178942422670269
32 24 30 0.9095596482362687
32 24 31 1.1315266091307508
32 25 30 0.18908159686674025
32 25 31 0.8547211611671042
32 30 24 1.680920942491936
32 30 25 -0.13635371523490905
32 31 24 -0.49546857299638464
32 31 25 0.8220763866052958
32 34 18 0.5001578492043277
32 34 19 0.43806847217954764
32 35 18 -0.27419339400303483
32 35 19 0.5956752001526393
32 36 14 -0.5811733422993297
32 36 15 0.14011724934435185
32 37 14 1.593689141999729
32 37 15 -0.5650498618312281
32 38 6 -1.1530920362079848
32 38 7 0.48676620692461875
32 38 8 -0.0360045168114932
32 38 9 0.04469165102119858
32 39 6 -1.120647352895051
32 39 7 1.578989562199077
32 39 8 0.1151011132092239
32 39 9 -0.08194677471603605
33 6 38 -0.05685915428467004
33 7 38 0.1637633902575106
33 7 39 0.009335217712200205
33 8 38 1.0778230939755453
33 8 39 0.4775337849388181
33 9 38 0.37527688640139517
33 9 39 0.9040090496219421
33 14 36 1.4987587001101148
33 14 37 -0.992930428991653
33 15 36 0.33857602765747075
33 15 37 0.3636217622757221
33 18 34 0.3810570754666252
33 18 35 -2.538101283083739
33 19 34 -0.5514192021783132
33 19 35 -0.6987316876241587
33 24 30 -1.4211093488575246
33 24 31 -1.305133226916805
33 25 30 -0.3570810695131879
33 25 31 -0.07304015948568333
33 30 24 -1.1134609405299336
33 30 25 0.757155763586831
33 31 24 -1.3556261642578418
33 31 25 -1.1662339042971575
33 34 18 -0.8965935692788863
33 34 19 -0.3198613054792769
33 35 18 -1.0515757606429277
33 35 19 0.06587085630242766
33 36 14 1.2319295991749004
33 36 15 -0.6430957879573886
33 37 14 -0.22211971139719608
33 37 15 -0.1296920434431809
33 38 6 0.30983641001897416
33 38 7 -1.1399274460698903
33 38 8 -0.12728252874986687
33 38 9 0.10239933702346556
33 39 6 -0.29446942731032655
33 39 7 0.02239591681529669
33 39 8 -0.02302576085796461
33 39 9 0.02296702944393283
34 6 36 -0.5872360461331977
34 6 37 0.6328415784982608
34 7 36 -0.8376352268735098
34 7 37 -0.9763503887232521
34 8 36 0.6524783179010878
34 8 37 0.1945734474445527
34 9 36 0.5854108435290515
34 9 37 -0.2799076203783361
34 14 34 0.08823563915013877
34 14 35 0.10460587315747401
34 15 34 -1.70842815254188
34 15 35 -0.5431732044202524
34 18 32 -0.7188414280835975
34 18 33 0.512880544779676
34 19 32 0.9782210467755423
34 19 33 2.4207580575374354
34 24 28 0.05621416616917788
34 24 29 -1.0322357399030808
34 25 28 -0.10041910238315864
34 25 29 0.21031876926032117
34 26 26 -0.2174710872177133
34 26 27 0.47125356285099235
34 27 26 0.158282978955103
34 27 27 -0.10041521149427367
34 28 24 -0.914325248424388
34 28 25 1.04153350755975
34 29 24 0.41449794778090115
34 29 25 -0.33737391771382214
34 32 18 -0.6093981133182921
34 32 19 -1.093467247552682
34 33 18 0.5836466767387017
34 33 19 -0.1535351935661056
34 34 14 0.5663032895548522
34 34 15 0.6236513532177301
34 35 14 0.8173463197042804
34 35 15 -0.9446326741722456
34 36 6 0.5054960417739779
34 36 7 -1.3761844657760287
34 36 8 -0.2382624277394425
34 36 9 0.495868669177098
34 37 6 -0.2617482686476643
34 37 7 1.6113852000219457
34 37 8 -1.4783527983884661
34 37 9 0.34173164132285655
35 6 36 0.007588546945429531
35 6 37 -0.0892147421565153
35 7 36 -1.1951968330359313
35 7 37 0.09112356621858046
35 8 36 -1.0891624320795348
35 8 37 0.27497647214317006
35 9 36 0.004937533999222591
35 9 37 -1.0460583068642906
35 14 34 1.3925808065406795
35 14 35 -0.7550390232456928
35 15 34 0.2514497852109963
35 15 35 -0.3626607144634181
35 18 32 0.7823133708205603
35 18 33 -0.5467484356093784
35 19 32 -1.0453651542839808
35 19 33 0.5125300866401692
35 24 28 0.33393892023237987
35 24 29 0.013929255655057288
35 25 28 0.8470641499479588
35 25 29 -0.5342217181267371
35 26 26 -0.1643489498074467
35 26 27 -0.6959670109993338
35 27 26 1.0702640218348443
35 27 27 0.3704566347670089
35 28 24 -0.07929251613491403
35 28 25 -1.440656680078216
35 29 24 -0.32956951164855797
35 29 25 -0.32219915989484693
35 32 18 0.7492074347066551
35 32 19 -1.0904557635614331
35 33 18 0.721280183026299
35 33 19 0.39928278602266304
35 34 14 -0.3283106693820859
35 34 15 0.1327753548174827
35 35 14 0.55721445564925
35 35 15 0.01482339101606595
35 36 6 1.1317576608345046
35 36 7 -0.3303607446753231
35 36 8 -0.531780572681088
35 36 9 -0.4428864849147869
35 37 6 -1.2167833214757062
35 37 7 -0.5124505921970985
35 37 8 0.24422082113423912
35 37 9 0.09927939301612335
36 6 34 0.3070747635366529
36 6 35 -0.8387878773762754
36 7 34 -0.7041053583619112
36 7 35 1.9932791679831818
36 8 34 -1.9722884833136367
36 8 35 0.8426580133233926
36 9 34 0.5800526378419538
36 9 35 -0.5620130921641351
36 14 32 1.7765116477700817
36 14 33 -0.373347894156923
36 15 32 0.04189351428890397
36 15 33 0.5853347689280372
36 32 14 -0.4271860749638455
36 32 15 -1.4160639636354015
36 33 14 1.025154295223587
36 33 15 -0.6633053507211999
36 34 6 -0.6922697065442025
36 34 7 -0.21249862542667616
36 34 8 1.5321077462982386
36 34 9 1.788812962023028
36 35 6 -0.37446561751568086
36 35 7 1.7461180225702457
36 35 8 -0.2645404867291127
36 35 9 0.8359281269045059
37 6 34 -1.7539875952305077
37 6 35 -0.7305964808998674
37 7 34 1.736537160937656
37 7 35 -0.2627345726100891
37 8 34 -1.507186223566721
37 8 35 1.5578781143395077
37 9 34 -0.31937503026821606
37 9 35 0.47260656139086127
37 14 32 0.30265975384539473
37 14 33 -0.8215030683661686
37 15 32 0.07410798718216936
37 15 33 1.021022975677915
37 32 14 -0.7281647057302909
37 32 15 -1.1999671006758017
37 33 14 -0.10521222135840126
37 33 15 0.9072995888155664
37 34 6 1.1821856659246779
37 34 7 1.0077050107174461
37 34 8 -0.772753565821423
37 34 9 -0.9572943830508139
37 35 6 0.3294069870049855
37 35 7 1.2948064928707232
37 35 8 0.7028298811625389
37 35 9 -0.11696289724764027
38 6 32 0.1986114336040289
38 6 33 0.05965692888771567
38 7 32 -0.555100925788203
38 7 33 -0.1695733151691483
38 8 32 -2.909908737107105
38 8 33 -1.017337405158036
38 9 32 0.30513121590308473
38 9 33 -0.17917705502881087
38 12 30 -1.3582608382244665
38 12 31 -0.34282056696093294
38 13 30 -0.12177720646465363
38 13 31 1.5389983316684672
38 22 24 -0.4629550981613611
38 22 25 0.931357585182564
38 23 24 -1.6250621327423382
38 23 25 0.4942130623674896
38 24 22 1.0760263333728555
38 24 23 0.639962811498126
38 25 22 -1.2951138416403871
38 25 23 -2.3689525099792252
38 30 12 0.6293231760919206
38 30 13 -1.5914845095687284
38 31 12 -0.4578811423021464
38 31 13 -0.2216073896812879
38 32 6 -0.5510204443509975
38 32 7 -0.8772861621653318
38 32 8 -0.16783719496617883
38 32 9 0.1471880166595202
38 33 6 -0.7269800388557588
38 33 7 0.023409945658762435
38 33 8 -0.061172280263321964
38 33 9 0.06031491661497301
39 6 32 0.06435604994506242
39 6 33 0.11481447703100445
39 7 32 -0.17323070676635566
39 7 33 -0.329168975368856
39 8 32 -0.6076749114132242
39 8 33 -2.09992669179871
39 9 32 0.7324778425534884
39 9 33 -0.6131983896668085
39 12 30 -0.6923285606217943
39 12 31 1.5855461743039438
39 13 30 2.0208290986002018
39 13 31 1.4899167988656221
39 22 24 1.4435897017724828
39 22 25 -0.6908002690577902
39 23 24 0.17899945321236302
39 23 25 0.4196799848523666
39 24 22 0.5800520663800772
39 24 23 0.6711783628058738
39 25 22 0.5836232055406269
39 25 23 1.1288928501048003
39 30 12 0.5613834867042488
39 30 13 -0.27847320457845964
39 31 12 -0.7954667247707627
39 31 13 0.12713378432469158
39 32 6 1.455085255755938
39 32 7 0.13318863261787228
39 32 8 0.14687445231895058
39 32 9 -0.14113532029804196
39 33 6 -0.4327845638306449
39 33 7 -0.016365877920507227
39 33 8 -0.040529524981681254
39 33 9 0.03934202068148372
40 1 30 -0.0252068949525379
40 1 31 0.2262547487835601
40 2 30 -0.5741565356637054
40 2 31 0.4073216597674136
40 3 30 1.8567659243635732
40 3 31 0.10546231241049589
40 4 30 1.4598020552996298
40 4 31 1.3864595496482168
40 5 30 -0.5664237040394613
40 5 31 -0.7312682596935163
40 18 24 -0.6388242745579198
40 18 25 -0.9175222702376291
40 19 24 -0.9366452643614783
40 19 25 -0.3565019049303865
40 24 18 0.044431752372625075
40 24 19 -1.4554496731221211
40 25 18 0.6194522021934539
40 25 19 -0.786544166670315
40 30 1 -1.6330806626809964
40 30 2 0.175966871285782
40 30 3 0.23551219813961444
40 30 4 -0.9187012106894658
40 30 5 -0.22261423685590015
40 31 1 -0.7452511042722237
40 31 2 1.4224718657528477
40 31 3 0.9184512352928805
40 31 4 -1.0199406580108592
40 31 5 0.1417790958173145
41 1 30 1.0486443733815722
41 1 31 -0.06747721045813901
41 2 30 1.1130666603881703
41 2 31 0.5530973042725053
41 3 30 0.6324764388127987
41 3 31 0.8454215458379417
41 4 30 -0.24766494355122845
41 4 31 -1.0161429605621768
41 5 30 -0.4007674546403536
41 5 31 0.2549818703373209
41 18 24 0.4824446943382093
41 18 25 -0.36087136600739983
41 19 24 -1.588855428012512
41 19 25 -2.9420813474674063
41 24 18 0.9505733684382233
41 24 19 -0.6199090046104543
41 25 18 0.2641489705457934
41 25 19 2.73994674640304
41 30 1 -0.9308207033581063
41 30 2 -0.7512252937951391
41 30 3 -0.11311745661277745
41 30 4 -2.9629975346296735
41 30 5 -0.8015693317483074
41 31 1 -0.5460295678100165
41 31 2 0.24171821833903528
41 31 3 -0.7954456023861081
41 31 4 0.13655874853594996
41 31 5 -1.6553992537687958
42 6 26 -1.8627497818111451
42 6 27 1.1364311643290115
42 7 26 0.3739037762405544
42 7 27 0.1168620715211039
42 8 26 -0.18842336184134456
42 8 27 0.05224563820073829
42 9 26 0.09577174847293361
42 9 27 -0.028866071754239716
42 16 22 0.016656648459269705
42 16 23 1.8424381014164903
42 17 22 1.2239225841488872
42 17 23 -0.17550489001071404
42 18 20 1.0645179031905794
42 18 21 1.262732716907486
42 19 20 -1.210819822869994
42 19 21 -0.09254000399432218
42 20 18 0.9606597145633488
42 20 19 -0.3844808186329038
42 21 18 -0.17712356966275566
42 21 19 1.2061174817186524
42 22 16 -0.6410991270539791
42 22 17 -0.7664309137505195
42 23 16 -0.2952203453194882
42 23 17 -0.18603619496440035
42 26 6 -0.08902633837895661
42 26 7 -0.12887171713267248
42 26 8 0.6216607707622632
42 26 9 -0.392524527427322
42 27 6 0.12167631062745662
42 27 7 0.18937717817639502
42 27 8 -1.5164579816674255
42 27 9 -0.14494346631140925
43 6 26 -0.08568513211185573
43 6 27 -0.146510061685409
43 7 26 -0.011556373793693083
43 7 27 0.16152625819901945
43 8 26 -0.003440234800979799
43 8 27 -0.038835871009529344
43 9 26 0.0019412102063308427
43 9 27 0.018854539262109622
43 16 22 0.10583651613322054
43 16 23 -1.4646724599855514
43 17 22 -1.1573020697380032
43 17 23 0.4566664860955386
43 18 20 1.1582801805824363
43 18 21 0.659167073679588
43 19 20 0.49602989910348533
43 19 21 1.1649283521936606
43 20 18 0.060253965050677524
43 20 19 0.6975373788580539
43 21 18 -0.6588781416921342
43 21 19 0.40337355113850665
43 22 16 -0.24945586774868306
43 22 17 -1.5786668644225341
43 23 16 1.6391956237960421
43 23 17 0.6829454323229431
43 26 6 -0.011871362785043632
43 26 7 -0.006737743088691699
43 26 8 -0.4431441994489989
43 26 9 -0.5899146801788087
43 27 6 0.10628274707135138
43 27 7 0.15316099129154637
43 27 8 -0.7073879949118761
43 27 9 0.5041440847361361
44 1 24 -0.27280671880147767
44 1 25 0.04669269919432031
44 2 24 -0.01839273121794397
44 2 25 0.7523043217714481
44 3 24 -0.25075817910958204
44 3 25 0.7916587997437016
44 4 24 1.060866006806684
44 4 25 -0.5710776137338481
44 5 24 -0.5195025719495033
44 5 25 1.9697023556104953
44 16 18 0.4223244123082024
44 16 19 -0.46112855492615906
44 17 18 1.097939746307532
44 17 19 2.2444097184307408
44 18 16 -0.05711606067389715
44 18 17 -0.5397143650815626
44 19 16 -1.2273989831029992
44 19 17 0.3596540898568923
44 24 1 0.06108887252287894
44 24 2 -0.12287159364450993
44 24 3 -0.3458939713586134
44 24 4 0.8607467846782181
44 24 5 0.8517571327305694
44 25 1 -0.5465853025567287
44 25 2 0.1055556799316402
44 25 3 0.24182925534337224
44 25 4 -0.13347316138873358
44 25 5 -0.4112747149296956
45 1 24 0.43021456586492335
45 1 25 -0.04105259287689171
45 2 24 -0.33123990960766364
45 2 25 -0.32377562848469915
45 3 24 0.3280303059106326
45 3 25 -0.012959193127231079
45 4 24 -1.8104699788155263
45 4 25 -0.057044877031722306
45 5 24 -0.7907234624769902
45 5 25 -1.7173710632082742
45 16 18 0.21970645040032885
45 16 19 -0.3198424812830795
45 17 18 -0.0991875538681758
45 17 19 0.22691352148515154
45 18 16 0.17498498773221574
45 18 17 -0.3879444876921327
45 19 16 -0.5654056894991225
45 19 17 -0.02496415148132164
45 24 1 0.21211496647243003
45 24 2 -0.7259457607885604
45 24 3 -1.1029728668844516
45 24 4 0.5908854088958312
45 24 5 1.343833778233384
45 25 1 -1.4017709010013182
45 25 2 0.20552460897002908
45 25 3 0.42943160388363344
45 25 4 0.17184132053945345
45 25 5 -0.567494290917157
46 1 20 0.24794220927298904
46 1 21 -0.09471808848016865
46 2 20 0.11111607546255128
46 2 21 -0.042448207177355285
46 3 20 0.16557652947211574
46 3 21 -0.06325301534887807
46 4 20 -0.8393638028620436
46 4 21 0.3206510709880931
46 5 20 1.0869061580231816
46 5 21 -0.4152164084814229
46 6 18 -0.36815462884200445
46 6 19 1.1245581041071657
46 7 18 -0.39276843586703647
46 7 19 -0.8224270979774947
46 8 18 0.04758895504873293
46 8 19 0.22221844036515995
46 9 18 -0.021062701312890772
46 9 19 -0.10895233857040218
46 12 16 -0.0899596603119877
46 12 17 -1.680683578215085
46 13 16 -0.8857382524240665
46 13 17 0.24635064202736753
46 14 14 -1.330017157751086
46 14 15 -0.2392771730090779
46 15 14 0.7100825024639923
46 15 15 -0.4356731609923141
46 16 12 0.31186064933019714
46 16 13 -0.4571695773907791
46 17 12 -0.44261409665553797
46 17 13 0.16607726114100427
46 18 6 -0.06242725853026457
46 18 7 -0.12040293741741535
46 18 8 1.9483125482073724
46 18 9 1.2702989729505416
46 19 6 -0.08706750081611048
46 19 7 -0.10799981220157104
46 19 8 -0.300218446642515
46 19 9 -1.311999034251612
46 20 1 0.5359592734625936
46 20 2 0.24428294516587376
46 20 3 0.1927981871391266
46 20 4 0.25993596460537866
46 20 5 0.12795900594782988
46 21 1 -0.16533390232248632
46 21 2 -0.07535694332551313
46 21 3 -0.05947481127525919
46 21 4 -0.0801856213896938
46 21 5 -0.03947307722465871
47 1 20 -0.13897408882015366
47 1 21 0.014990393404673138
47 2 20 -0.062281671950729776
47 2 21 0.006717991622527875
47 3 20 -0.09280730126936641
47 3 21 0.010010628374431731
47 4 20 0.4704718088679204
47 4 21 -0.05074728361676844
47 5 20 -0.6092217754580653
47 5 21 0.0657135021523917
47 6 18 -0.3465601112130537
47 6 19 -0.6897690343232048
47 7 18 -0.22433691379170695
47 7 19 0.14759838743283923
47 8 18 0.01836851273544612
47 8 19 -0.07143447143596032
47 9 18 -0.007367755911371914
47 9 19 0.03624744088062917
47 12 16 1.2178958089063654
47 12 17 -2.0338168151511895
47 13 16 1.5349867693684893
47 13 17 -0.3491072336352906
47 14 14 0.41125867680905015
47 14 15 0.2127567642857488
47 15 14 -0.39647730456737934
47 15 15 0.1388820495990781
47 16 12 0.008392736024741243
47 16 13 -0.3658944209354605
47 17 12 0.39232816242550944
47 17 13 -0.21448475226580124
47 18 6 0.029007085906548356
47 18 7 0.05908341993759112
47 18 8 -1.0632866587023986
47 18 9 -0.7517085199082965
47 19 6 0.11492113980059816
47 19 7 0.16151082772119013
47 19 8 -0.5584970713850276
47 19 9 0.7560298208056059
47 20 1 0.16939080018014196
47 20 2 0.077206022175297
47 20 3 0.06093418065478579
47 20 4 0.08215318443067332
47 20 5 0.040441651970541365
47 21 1 0.4046873819220493
47 21 2 0.18445100294413438
47 21 3 0.1455763477858659
47 21 4 0.19627014624437672
47 21 5 0.09661815304701381
48 1 14 -2.1485682931282217
48 1 15 -0.19730613209984782
48 2 14 -3.2343667308556916
48 2 15 -0.3883488278996956
48 3 14 -0.7825506303753584
48 3 15 -0.14777030024356025
48 4 14 0.9977881897021825
48 4 15 -0.6943277452421014
48 5 14 0.7718443775348649
48 5 15 -0.18804808236052964
48 6 12 -1.7047368597542834
48 6 13 3.2765697512799314
48 7 12 -0.019591969458907645
48 7 13 0.17925577484644878
48 8 12 -0.1066770737388694
48 8 13 0.17929803466014216
48 9 12 0.056645015082627315
48 9 13 -0.09673953333189794
48 10 10 0.3273507273418588
48 10 11 -2.207794239878231
48 11 10 -0.3838949467701339
48 11 11 0.5205923706096716
48 12 6 -0.03666237454127248
48 12 7 -0.029419531430048815
48 12 8 -0.9349495892761243
48 12 9 -1.3787153793910787
48 13 6 0.0937612316672533
48 13 7 0.1322007787021339
48 13 8 -0.47722543483683744
48 13 9 0.594790886896963
48 14 1 1.349105915119183
48 14 2 2.5112609107884047
48 14 3 -0.8897477071004092
48 14 4 0.4579891159245616
48 14 5 -0.30684796655097013
48 15 1 0.6615411995951568
48 15 2 -0.3492166925568564
48 15 3 -1.1631205865805279
48 15 4 -0.06868138652719293
48 15 5 -0.8232594792345161
49 1 14 -0.8576415832541963
49 1 15 -1.0779376111073626
49 2 14 -0.6202102089025586
49 2 15 -0.22180623725280368
49 3 14 2.1744052391860853
49 3 15 -0.3463979164129398
49 4 14 -0.3126333509000555
49 4 15 0.25084907205524354
49 5 14 -0.2067564512058689
49 5 15 -0.33021892814768466
49 6 12 -0.4887200729235572
49 6 13 -0.8088265942227422
49 7 12 -0.6819654197270519
49 7 13 -1.2010382948157312
49 8 12 0.09236165669509724
49 8 13 0.16601685205947492
49 9 12 -0.04172057487855843
49 9 13 -0.0752508115592955
49 10 10 0.021078189005544437
49 10 11 0.9565747344079077
49 11 10 1.9348026752909122
49 11 11 0.09971858271475735
49 12 6 -0.22120007183550358
49 12 7 -0.3018062487864762
49 12 8 0.6183047727515755
49 12 9 -1.9219069277237557
49 13 6 -0.16415305786661144
49 13 7 -0.2520902289718658
49 13 8 1.8747544381079315
49 13 9 0.02069846330040155
49 14 1 -1.787709636860909
49 14 2 -0.9318253975320734
49 14 3 0.5800044929970336
49 14 4 0.2351548413953339
49 14 5 -1.5733645315758458
49 15 1 -0.1874691174998517
49 15 2 2.640767344734691
49 15 3 0.6166620149553017
49 15 4 0.2032472135626958
49 15 5 -0.8420649126508517
50 1 1 0.24495597608058545
50 1 2 0.16997112397398248
50 1 3 -0.1806206363992802
50 1 4 0.052796574708428294
50 1 5 0.3443190171932061
50 2 1 -0.19823113364082467
50 2 2 -0.02404378627958624
50 2 3 -0.02540386976699156
50 2 4 -0.6809016490330403
50 2 5 -0.4123827776341441
50 3 1 0.21958196109354802
50 3 2 0.24484069634520836
50 3 3 0.20239543848168465
50 3 4 -0.7390093018032649
50 3 5 -0.5208016319254681
50 4 1 0.9861214401291926
50 4 2 0.15825332165466185
50 4 3 1.0263752347290755
50 4 4 1.2640102319234061
50 4 5 -0.17477567165606794
50 5 1 0.747112433506946
50 5 2 0.538724005726392
50 5 3 -0.8211180338162963
50 5 4 -0.7263362746640768
50 5 5 0.8472751389489522
51 1 1 -0.1149938936385561
51 1 2 0.15911063435548795
51 1 3 -0.06507034581401919
51 1 4 -0.497122137753362
51 1 5 -0.11296928596621544
51 2 1 -2.0214549205406076
51 2 2 -0.6820380998588502
51 2 3 -0.7262807264437929
51 2 4 -0.3079531797522084
51 2 5 0.025503381224904722
51 3 1 -1.4605676171518578
51 3 2 -0.24092146731433536
51 3 3 -0.4639907321444421
51 3 4 0.437144434083338
51 3 5 0.4501347016125214
51 4 1 -0.8826788728730043
51 4 2 -1.3479024212885613
51 4 3 -0.3162228097410952
51 4 4 -0.019623382072442273
51 4 5 -0.549206233224741
51 5 1 0.1542941408648392
51 5 2 1.025036933430374
51 5 3 -0.17800997146501324
51 5 4 -1.0507136735549183
51 5 5 0.2868545167845627
